% Time (s)	Gyro Output (rads/s)	Input Rate (RPM)	%3/17/202011:42 AM
0.000	0.000	0.000
888.970	-0.040	0.000
888.980	-0.040	0.000
888.990	-0.040	0.000
889.000	-0.040	0.000
889.010	-0.040	0.000
889.020	-0.040	0.000
889.030	-0.040	0.000
889.040	-0.040	0.000
889.050	-0.040	0.000
889.060	-0.040	0.000
889.070	-0.040	0.000
889.080	-0.030	0.000
889.090	-0.030	0.000
889.100	-0.030	0.000
889.110	-0.030	0.000
889.120	-0.030	0.000
889.130	-0.030	0.000
889.140	-0.040	0.000
889.150	-0.040	0.000
889.160	-0.040	0.000
889.170	-0.040	0.000
889.180	-0.040	0.000
889.190	-0.040	0.000
889.200	-0.040	0.000
889.210	-0.040	0.000
889.220	-0.040	0.000
889.230	-0.040	0.000
889.240	-0.040	0.000
889.250	-0.040	0.000
889.260	-0.040	0.000
889.270	-0.040	0.000
889.280	-0.040	0.000
889.290	-0.040	0.000
889.300	-0.040	0.000
889.310	-0.040	0.000
889.320	-0.040	0.000
889.330	-0.040	0.000
889.340	-0.040	0.000
889.350	-0.040	0.000
889.360	-0.040	0.000
889.370	-0.040	0.000
889.380	-0.040	0.000
889.390	-0.040	0.000
889.400	-0.040	0.000
889.410	-0.040	0.000
889.420	-0.040	0.000
889.430	-0.040	0.000
889.440	-0.040	0.000
889.450	-0.040	0.000
889.460	-0.040	0.000
889.470	-0.040	0.000
889.480	-0.040	0.000
889.490	-0.040	0.000
889.500	-0.040	0.000
889.510	-0.040	0.000
889.520	-0.040	0.000
889.530	-0.040	0.000
889.540	-0.040	0.000
889.550	-0.040	0.000
889.560	-0.040	0.000
889.570	-0.040	0.000
889.580	-0.040	0.000
889.590	-0.040	0.000
889.600	-0.040	0.000
889.610	-0.040	0.000
889.620	-0.040	0.000
889.630	-0.040	0.000
889.640	-0.040	0.000
889.650	-0.040	0.000
889.660	-0.040	0.000
889.670	-0.040	0.000
889.680	-0.040	0.000
889.690	-0.040	0.000
889.700	-0.040	0.000
889.710	-0.040	0.000
889.720	-0.040	0.000
889.730	-0.040	0.000
889.740	-0.040	0.000
889.750	-0.040	0.000
889.760	-0.040	0.000
889.770	-0.040	0.000
889.780	-0.040	0.000
889.790	-0.040	0.000
889.800	-0.040	0.000
889.810	-0.040	0.000
889.820	-0.040	0.000
889.830	-0.040	0.000
889.840	-0.040	0.000
889.850	-0.040	0.000
889.860	-0.040	0.000
889.870	-0.040	0.000
889.880	-0.040	0.000
889.890	-0.040	0.000
889.900	-0.040	0.000
889.910	-0.040	0.000
889.920	-0.040	0.000
889.930	-0.040	0.000
889.940	-0.040	0.000
889.950	-0.040	0.000
889.960	-0.040	0.000
889.970	-0.040	0.000
889.980	-0.040	0.000
889.990	-0.040	0.000
890.000	-0.040	0.000
890.010	-0.040	0.000
890.020	-0.040	0.000
890.030	-0.040	0.000
890.040	-0.040	0.000
890.050	-0.040	0.000
890.060	-0.040	0.000
890.070	-0.040	0.000
890.080	-0.040	0.000
890.090	-0.040	0.000
890.100	-0.040	0.000
890.110	-0.040	0.000
890.120	-0.040	0.000
890.130	-0.040	0.000
890.140	-0.040	0.000
890.150	-0.040	0.000
890.160	-0.040	0.000
890.170	-0.040	0.000
890.180	-0.040	0.000
890.190	-0.040	0.000
890.200	-0.040	0.000
890.210	-0.040	0.000
890.220	-0.040	0.000
890.230	-0.040	0.000
890.240	-0.040	0.000
890.250	-0.040	0.000
890.260	-0.040	0.000
890.270	-0.040	0.000
890.280	-0.040	0.000
890.290	-0.040	0.000
890.300	-0.040	0.000
890.310	-0.040	0.000
890.320	-0.040	0.000
890.330	-0.040	0.000
890.340	-0.040	0.000
890.350	-0.040	0.000
890.360	-0.040	0.000
890.370	-0.040	0.000
890.380	-0.040	0.000
890.390	-0.040	0.000
890.400	-0.040	0.000
890.410	-0.040	0.000
890.420	-0.040	0.000
890.430	-0.040	0.000
890.440	-0.040	0.000
890.450	-0.040	0.000
890.460	-0.040	0.000
890.470	-0.040	0.000
890.480	-0.040	0.000
890.490	-0.040	0.000
890.500	-0.040	0.000
890.510	-0.040	0.000
890.520	-0.040	0.000
890.530	-0.040	0.000
890.540	-0.040	0.000
890.550	-0.040	0.000
890.560	-0.040	0.000
890.570	-0.040	0.000
890.580	-0.040	0.000
890.590	-0.040	0.000
890.600	-0.040	0.000
890.610	-0.040	0.000
890.620	-0.040	0.000
890.630	-0.040	0.000
890.640	-0.040	0.000
890.650	-0.040	0.000
890.660	-0.040	0.000
890.670	-0.040	0.000
890.680	-0.040	0.000
890.690	-0.040	0.000
890.700	-0.040	0.000
890.710	-0.040	0.000
890.720	-0.040	0.000
890.730	-0.040	0.000
890.740	-0.040	0.000
890.750	-0.040	0.000
890.760	-0.040	0.000
890.770	-0.040	0.000
890.780	-0.040	0.000
890.790	-0.040	0.000
890.800	-0.040	0.000
890.810	-0.040	0.000
890.820	-0.040	0.000
890.830	-0.040	0.000
890.840	-0.040	0.000
890.850	-0.030	0.000
890.860	-0.030	0.000
890.870	-0.030	0.000
890.880	-0.040	0.000
890.890	-0.040	0.000
890.900	-0.040	0.000
890.910	-0.030	0.000
890.920	-0.030	0.000
890.930	-0.030	0.000
890.940	-0.040	0.000
890.950	-0.040	0.000
890.960	-0.040	0.000
890.970	-0.040	0.000
890.980	-0.040	0.000
890.990	-0.040	0.000
891.000	-0.040	0.000
891.010	-0.040	0.000
891.020	-0.040	0.000
891.030	-0.040	0.000
891.040	-0.040	0.000
891.050	-0.040	0.000
891.060	-0.040	0.000
891.070	-0.040	0.000
891.080	-0.040	0.000
891.090	-0.040	0.000
891.100	-0.040	0.000
891.110	-0.040	0.000
891.120	-0.040	0.000
891.130	-0.040	0.000
891.140	-0.040	0.000
891.150	-0.040	0.000
891.160	-0.040	0.000
891.170	-0.040	0.000
891.180	-0.040	0.000
891.190	-0.040	0.000
891.200	-0.040	0.000
891.210	-0.040	0.000
891.220	-0.040	0.000
891.230	-0.040	0.000
891.240	-0.040	0.000
891.250	-0.040	0.000
891.260	-0.040	0.000
891.270	-0.040	0.000
891.280	-0.040	0.000
891.290	-0.040	0.000
891.300	-0.040	0.000
891.310	-0.040	0.000
891.320	-0.040	0.000
891.330	-0.040	0.000
891.340	-0.040	0.000
891.350	-0.040	0.000
891.360	-0.040	0.000
891.370	-0.040	0.000
891.380	-0.040	0.000
891.390	-0.040	0.000
891.400	-0.040	0.000
891.410	-0.040	0.000
891.420	-0.040	0.000
891.430	-0.040	0.000
891.440	-0.040	0.000
891.450	-0.040	0.000
891.460	-0.040	0.000
891.470	-0.040	0.000
891.480	-0.040	0.000
891.490	-0.040	0.000
891.500	-0.040	0.000
891.510	-0.040	0.000
891.520	-0.040	0.000
891.530	-0.040	0.000
891.540	-0.040	0.000
891.550	-0.040	0.000
891.560	-0.040	0.000
891.570	-0.040	0.000
891.580	-0.040	0.000
891.590	-0.040	0.000
891.600	-0.030	0.000
891.610	-0.030	0.000
891.620	-0.030	0.000
891.630	-0.040	0.000
891.640	-0.040	0.000
891.650	-0.040	0.000
891.660	-0.040	0.000
891.670	-0.040	0.000
891.680	-0.040	0.000
891.690	-0.040	0.000
891.700	-0.040	0.000
891.710	-0.040	0.000
891.720	-0.040	0.000
891.730	-0.040	0.000
891.740	-0.040	0.000
891.750	-0.040	0.000
891.760	-0.040	0.000
891.770	-0.040	0.000
891.780	-0.040	0.000
891.790	-0.040	0.000
891.800	-0.040	0.000
891.810	-0.040	0.000
891.820	-0.040	0.000
891.830	-0.040	0.000
891.840	-0.040	0.000
891.850	-0.040	0.000
891.860	-0.040	0.000
891.870	-0.040	0.000
891.880	-0.040	0.000
891.890	-0.040	0.000
891.900	-0.040	0.000
891.910	-0.040	0.000
891.920	-0.040	0.000
891.930	-0.040	0.000
891.940	-0.040	0.000
891.950	-0.040	0.000
891.960	-0.040	0.000
891.970	-0.040	0.000
891.980	-0.040	0.000
891.990	-0.040	0.000
892.000	-0.040	0.000
892.010	-0.040	0.000
892.020	-0.040	0.000
892.030	-0.040	0.000
892.040	-0.040	0.000
892.050	-0.040	0.000
892.060	-0.040	0.000
892.070	-0.040	0.000
892.080	-0.040	0.000
892.090	-0.040	0.000
892.100	-0.040	0.000
892.110	-0.040	0.000
892.120	-0.040	0.000
892.130	-0.040	0.000
892.140	-0.040	0.000
892.150	-0.040	0.000
892.160	-0.040	0.000
892.170	-0.040	0.000
894.760	-0.040	0.000
894.770	-0.040	0.000
894.780	-0.040	0.000
894.790	-0.040	0.000
894.800	-0.040	0.000
894.810	-0.040	0.000
894.820	-0.040	0.000
894.830	-0.040	0.000
894.840	-0.020	0.000
894.850	-0.020	-0.073
894.860	-0.020	-0.073
894.870	-0.010	-0.146
894.880	-0.010	-0.220
894.890	-0.010	-0.293
894.900	0.010	-0.366
894.910	0.010	-0.439
894.920	0.010	-0.513
894.930	0.030	-0.586
894.940	0.030	-0.732
894.950	0.030	-0.732
894.960	0.030	-0.806
894.970	0.030	-0.806
894.980	0.030	-0.806
894.990	0.020	-0.806
895.000	0.020	-0.806
895.010	0.020	-0.806
895.020	0.010	-0.732
895.030	0.010	-0.732
895.040	0.010	-0.659
895.050	0.000	-0.586
895.060	0.000	-0.513
895.070	0.000	-0.439
895.080	-0.010	-0.366
895.090	-0.010	-0.293
895.100	-0.010	-0.220
895.110	-0.040	-0.146
895.120	-0.040	-0.146
895.130	-0.040	0.073
895.140	-0.070	0.073
895.150	-0.070	0.146
895.160	-0.070	0.366
895.170	-0.100	0.366
895.180	-0.100	0.586
895.190	-0.100	0.586
895.200	-0.120	0.719
895.210	-0.120	0.866
895.220	-0.120	1.012
895.230	-0.140	1.085
895.240	-0.140	1.159
895.250	-0.140	1.232
895.260	-0.160	1.232
895.270	-0.160	1.232
895.280	-0.160	1.232
895.290	-0.180	1.232
895.300	-0.180	1.245
895.310	-0.180	1.245
895.320	-0.200	1.245
895.330	-0.200	1.318
895.340	-0.200	1.538
895.350	-0.220	1.758
895.360	-0.220	1.978
895.370	-0.220	2.051
895.380	-0.250	2.271
895.390	-0.250	2.344
895.400	-0.250	2.417
895.410	-0.270	2.563
895.420	-0.270	2.710
895.430	-0.270	2.856
895.440	-0.300	2.930
895.450	-0.300	2.856
895.460	-0.300	2.856
895.470	-0.320	2.856
895.480	-0.320	2.856
895.490	-0.320	3.003
895.500	-0.350	3.223
895.510	-0.350	3.516
895.520	-0.350	3.589
895.530	-0.390	3.662
895.540	-0.390	3.662
895.550	-0.390	3.882
895.560	-0.430	4.175
895.570	-0.430	4.321
895.580	-0.430	4.395
895.590	-0.480	4.468
895.600	-0.480	4.687
895.610	-0.480	4.834
895.620	-0.520	5.054
895.630	-0.520	5.200
895.640	-0.520	5.566
895.650	-0.560	5.566
895.660	-0.560	5.493
895.670	-0.560	5.640
895.680	-0.600	6.152
895.690	-0.600	6.527
895.700	-0.600	6.453
895.710	-0.630	6.453
895.720	-0.630	6.527
895.730	-0.630	6.453
895.740	-0.670	6.380
895.750	-0.670	6.925
895.760	-0.670	7.145
895.770	-0.710	7.298
895.780	-0.710	7.298
895.790	-0.710	7.144
895.800	-0.740	7.217
895.810	-0.740	7.510
895.820	-0.740	7.583
895.830	-0.750	7.876
895.840	-0.750	8.096
895.850	-0.750	7.624
895.860	-0.770	7.624
895.870	-0.770	8.057
895.880	-0.770	7.983
895.890	-0.780	8.276
895.900	-0.780	8.350
895.910	-0.780	7.983
895.920	-0.790	8.276
895.930	-0.790	8.350
895.940	-0.790	8.285
895.950	-0.790	8.631
895.960	-0.790	8.557
895.970	-0.790	8.191
895.980	-0.800	8.484
895.990	-0.800	8.427
896.000	-0.800	8.574
896.010	-0.810	8.714
896.020	-0.810	8.274
896.030	-0.810	8.274
896.040	-0.790	8.412
896.050	-0.790	8.294
896.060	-0.790	8.514
896.070	-0.770	8.447
896.080	-0.770	7.935
896.090	-0.770	7.918
896.100	-0.760	7.992
896.110	-0.760	7.925
896.120	-0.760	8.218
896.130	-0.740	8.005
896.140	-0.740	7.565
896.150	-0.740	7.557
896.160	-0.700	7.477
896.170	-0.700	7.477
896.180	-0.700	7.404
896.190	-0.650	6.965
896.200	-0.650	6.965
896.210	-0.650	6.745
896.220	-0.610	6.332
896.230	-0.610	6.561
896.240	-0.610	6.708
896.250	-0.570	6.442
896.260	-0.570	6.002
896.270	-0.570	6.002
896.280	-0.530	5.929
896.290	-0.530	5.530
896.300	-0.530	5.310
896.310	-0.480	5.197
896.320	-0.480	5.317
896.330	-0.480	4.861
896.340	-0.420	4.642
896.350	-0.420	4.501
896.360	-0.420	4.281
896.370	-0.370	3.962
896.380	-0.370	3.742
896.390	-0.370	3.701
896.400	-0.310	3.628
896.410	-0.310	3.473
896.420	-0.310	3.033
896.430	-0.240	2.727
896.440	-0.240	2.434
896.450	-0.240	2.182
896.460	-0.170	1.889
896.470	-0.170	1.704
896.480	-0.170	1.484
896.490	-0.100	1.118
896.500	-0.100	0.898
896.510	-0.100	0.654
896.520	-0.030	0.434
896.530	-0.030	0.220
896.540	-0.030	-0.220
896.550	0.040	-0.220
896.560	0.040	-0.366
896.570	0.040	-0.887
896.580	0.110	-0.887
896.590	0.110	-1.180
896.600	0.110	-1.839
896.610	0.170	-1.839
896.620	0.170	-1.986
896.630	0.170	-2.417
896.640	0.230	-2.417
896.650	0.230	-2.563
896.660	0.230	-3.296
896.670	0.260	-3.296
896.680	0.260	-3.442
896.690	0.260	-3.442
896.700	0.290	-3.369
896.710	0.290	-3.369
896.720	0.290	-3.516
896.730	0.320	-3.755
896.740	0.320	-3.902
896.750	0.320	-3.975
896.760	0.340	-3.902
896.770	0.340	-3.886
896.780	0.340	-4.179
896.790	0.360	-4.352
896.800	0.360	-4.425
896.810	0.360	-4.498
896.820	0.380	-4.498
896.830	0.380	-4.616
896.840	0.380	-4.763
896.850	0.400	-4.796
896.860	0.400	-4.869
896.870	0.400	-4.886
896.880	0.410	-4.886
896.890	0.410	-4.989
896.900	0.410	-4.989
896.910	0.430	-5.023
896.920	0.430	-5.242
896.930	0.430	-5.177
896.940	0.440	-5.104
896.950	0.440	-5.193
896.960	0.440	-5.413
896.970	0.440	-5.426
896.980	0.440	-5.206
896.990	0.440	-5.003
897.000	0.430	-5.076
897.010	0.430	-5.246
897.020	0.430	-5.246
897.030	0.420	-5.060
897.040	0.420	-4.986
897.050	0.420	-5.011
897.060	0.400	-5.011
897.070	0.400	-4.900
897.080	0.400	-4.827
897.090	0.380	-4.793
897.100	0.380	-4.647
897.110	0.380	-4.517
897.120	0.350	-4.443
897.130	0.350	-4.532
897.140	0.350	-4.386
897.150	0.310	-4.206
897.160	0.310	-3.840
897.170	0.310	-3.791
897.180	0.280	-3.864
897.190	0.280	-3.938
897.200	0.280	-3.865
897.210	0.230	-3.625
897.220	0.230	-3.332
897.230	0.230	-2.990
897.240	0.180	-2.844
897.250	0.180	-2.674
897.260	0.180	-2.527
897.270	0.130	-2.221
897.280	0.130	-1.855
897.290	0.130	-1.594
897.300	0.070	-1.448
897.310	0.070	-1.248
897.320	0.070	-1.102
897.330	0.000	-0.955
897.340	0.000	-0.735
897.350	0.000	-0.499
897.360	-0.070	-0.280
897.370	-0.070	0.016
897.380	-0.070	0.163
897.390	-0.130	0.509
897.400	-0.130	0.655
897.410	-0.130	0.802
897.420	-0.180	1.266
897.430	-0.180	1.339
897.440	-0.180	1.486
897.450	-0.220	1.486
897.460	-0.220	1.632
897.470	-0.220	2.202
897.480	-0.270	2.202
897.490	-0.270	2.368
897.500	-0.270	2.808
897.510	-0.310	2.808
897.520	-0.310	2.954
897.530	-0.310	3.442
897.540	-0.360	3.442
897.550	-0.360	3.662
897.560	-0.360	3.735
897.570	-0.400	3.735
897.580	-0.400	3.662
897.590	-0.400	4.102
897.600	-0.450	4.102
897.610	-0.450	4.321
897.620	-0.450	4.468
897.630	-0.490	4.568
897.640	-0.490	4.787
897.650	-0.490	4.787
897.660	-0.530	4.934
897.670	-0.530	5.129
897.680	-0.530	5.495
897.690	-0.570	5.649
897.700	-0.570	5.575
897.710	-0.570	5.722
897.720	-0.610	6.015
897.730	-0.610	6.200
897.740	-0.610	5.980
897.750	-0.640	6.273
897.760	-0.640	6.566
897.770	-0.640	6.664
897.780	-0.660	6.664
897.790	-0.660	6.893
897.800	-0.660	6.893
897.810	-0.690	6.833
897.820	-0.690	7.053
897.830	-0.690	7.207
897.840	-0.710	7.427
897.850	-0.710	7.574
897.860	-0.710	7.354
897.870	-0.730	7.427
897.880	-0.730	7.834
897.890	-0.730	7.671
897.900	-0.750	7.744
897.910	-0.750	8.203
897.920	-0.750	7.837
897.930	-0.760	7.764
897.940	-0.760	7.983
897.950	-0.760	7.983
897.960	-0.770	8.130
897.970	-0.770	8.350
897.980	-0.770	7.796
897.990	-0.770	7.869
898.000	-0.770	7.910
898.010	-0.770	7.910
898.020	-0.760	8.057
898.030	-0.760	8.130
898.040	-0.760	7.764
898.050	-0.760	7.690
898.060	-0.760	7.983
898.070	-0.760	7.764
898.080	-0.750	7.983
898.090	-0.750	7.983
898.100	-0.750	7.544
898.110	-0.730	7.471
898.120	-0.730	7.690
898.130	-0.730	7.544
898.140	-0.690	7.544
898.150	-0.690	7.617
898.160	-0.690	7.178
898.170	-0.660	7.031
898.180	-0.660	6.812
898.190	-0.660	6.885
898.200	-0.630	6.958
898.210	-0.630	6.812
898.220	-0.630	6.592
898.230	-0.600	6.519
898.240	-0.600	6.299
898.250	-0.600	5.933
898.260	-0.560	5.933
898.270	-0.560	6.079
898.280	-0.560	6.006
898.290	-0.510	5.493
898.300	-0.510	5.200
898.310	-0.510	5.200
898.320	-0.450	4.980
898.330	-0.450	4.720
898.340	-0.450	4.574
898.350	-0.390	4.400
898.360	-0.390	4.034
898.370	-0.390	3.595
898.380	-0.330	3.375
898.390	-0.330	3.334
898.400	-0.330	3.234
898.410	-0.240	2.942
898.420	-0.240	2.575
898.430	-0.240	2.396
898.440	-0.180	2.177
898.450	-0.180	1.992
898.460	-0.180	1.845
898.470	-0.110	1.625
898.480	-0.110	1.332
898.490	-0.110	1.007
898.500	-0.040	0.741
898.510	-0.040	0.439
898.520	-0.040	0.220
898.530	0.030	-0.060
898.540	0.030	-0.280
898.550	0.030	-0.581
898.560	0.080	-0.874
898.570	0.080	-1.199
898.580	0.080	-1.419
898.590	0.130	-1.685
898.600	0.130	-1.832
898.610	0.130	-1.970
898.620	0.170	-2.117
898.630	0.170	-2.228
898.640	0.170	-2.301
898.650	0.210	-2.347
898.660	0.210	-2.567
898.670	0.210	-2.608
898.680	0.250	-2.681
898.690	0.250	-2.740
898.700	0.250	-3.107
898.710	0.280	-3.107
898.720	0.280	-3.473
898.730	0.280	-3.815
898.740	0.320	-3.815
898.750	0.320	-3.914
898.760	0.320	-3.768
898.770	0.350	-3.768
898.780	0.350	-4.061
898.790	0.350	-4.248
898.800	0.370	-4.248
898.810	0.370	-4.321
898.820	0.370	-4.541
898.830	0.390	-4.541
898.840	0.390	-4.614
898.850	0.390	-4.687
898.860	0.400	-4.687
898.870	0.400	-4.761
898.880	0.400	-4.761
898.890	0.400	-4.761
898.900	0.400	-4.794
898.910	0.400	-4.794
898.920	0.400	-4.867
898.930	0.400	-4.867
898.940	0.400	-4.867
898.950	0.400	-4.834
898.960	0.400	-4.834
898.970	0.400	-4.907
898.980	0.400	-4.907
898.990	0.400	-4.883
899.000	0.400	-4.923
899.010	0.400	-4.949
899.020	0.400	-5.023
899.030	0.400	-4.803
899.040	0.390	-4.730
899.050	0.390	-4.722
899.060	0.390	-4.722
899.070	0.370	-4.676
899.080	0.370	-4.602
899.090	0.370	-4.480
899.100	0.350	-4.407
899.110	0.350	-4.267
899.120	0.350	-3.974
899.130	0.310	-3.860
899.140	0.310	-4.007
899.150	0.310	-3.974
899.160	0.270	-3.901
899.170	0.270	-3.598
899.180	0.270	-3.305
899.190	0.220	-3.138
899.200	0.220	-2.919
899.210	0.220	-2.813
899.220	0.170	-2.593
899.230	0.170	-2.438
899.240	0.170	-2.145
899.250	0.120	-1.985
899.260	0.120	-1.765
899.270	0.120	-1.676
899.280	0.060	-1.529
899.290	0.060	-1.403
899.300	0.060	-1.256
899.310	0.000	-1.036
899.320	0.000	-0.890
899.330	0.000	-0.573
899.340	-0.070	-0.280
899.350	-0.070	-0.000
899.360	-0.070	0.236
899.370	-0.130	0.509
899.380	-0.130	0.826
899.390	-0.130	1.339
899.400	-0.200	1.339
899.410	-0.200	1.486
899.420	-0.200	1.852
899.430	-0.260	1.852
899.440	-0.260	1.998
899.450	-0.260	2.145
899.460	-0.310	2.448
899.470	-0.310	2.688
899.480	-0.310	2.810
899.490	-0.350	2.956
899.500	-0.350	3.143
899.510	-0.350	3.363
899.520	-0.400	3.676
899.530	-0.400	3.896
899.540	-0.400	4.042
899.550	-0.450	4.116
899.560	-0.450	4.138
899.570	-0.450	4.431
899.580	-0.490	4.664
899.590	-0.490	4.810
899.600	-0.490	5.282
899.610	-0.540	5.282
899.620	-0.540	5.336
899.630	-0.540	5.482
899.640	-0.570	5.482
899.650	-0.570	5.995
899.660	-0.570	6.019
899.670	-0.610	6.019
899.680	-0.610	6.152
899.690	-0.610	6.445
899.700	-0.650	6.445
899.710	-0.650	6.299
899.720	-0.650	6.958
899.730	-0.690	6.958
899.740	-0.690	7.178
899.750	-0.690	7.178
899.760	-0.720	7.178
899.770	-0.720	7.251
899.780	-0.720	7.471
899.790	-0.750	7.471
899.800	-0.750	7.764
899.810	-0.750	8.130
899.820	-0.780	7.777
899.830	-0.780	7.777
899.840	-0.780	8.216
899.850	-0.800	8.070
899.860	-0.800	8.469
899.870	-0.800	8.615
899.880	-0.820	8.256
899.890	-0.820	8.622
899.900	-0.820	8.622
899.910	-0.830	8.475
899.920	-0.830	9.015
899.930	-0.830	8.942
899.940	-0.830	8.569
899.950	-0.830	8.862
899.960	-0.830	8.610
899.970	-0.830	8.830
899.980	-0.830	8.978
899.990	-0.830	8.612
900.000	-0.830	8.871
900.010	-0.830	8.798
900.020	-0.830	8.538
900.030	-0.820	8.757
900.040	-0.820	8.691
900.050	-0.820	8.691
900.060	-0.820	8.751
900.070	-0.820	8.458
900.080	-0.820	8.596
900.090	-0.810	8.523
900.100	-0.810	8.271
900.110	-0.810	8.564
900.120	-0.790	8.418
900.130	-0.790	8.271
900.140	-0.790	8.418
900.150	-0.760	8.051
900.160	-0.760	7.837
900.170	-0.760	8.130
900.180	-0.740	7.844
900.190	-0.740	7.844
900.200	-0.740	7.909
900.210	-0.700	7.396
900.220	-0.700	7.233
900.230	-0.700	7.233
900.240	-0.650	7.087
900.250	-0.650	7.013
900.260	-0.650	6.875
900.270	-0.600	6.509
900.280	-0.600	6.494
900.290	-0.600	6.274
900.300	-0.490	5.728
900.310	-0.490	5.728
900.320	-0.490	5.818
900.330	-0.490	5.525
900.340	-0.490	5.118
900.350	-0.490	4.679
900.360	-0.350	3.966
900.370	-0.350	2.868
900.380	-0.350	1.557
900.390	0.360	0.605
900.400	0.360	-0.135
900.410	0.360	-1.014
900.420	0.400	-2.072
900.430	0.400	-3.098
900.440	0.400	-4.009
900.450	0.430	-4.595
900.460	0.430	-4.908
900.470	0.430	-5.201
900.480	0.460	-5.201
900.490	0.460	-5.128
900.500	0.460	-5.233
900.510	0.490	-5.453
900.520	0.490	-5.786
900.530	0.490	-5.786
900.540	0.520	-5.859
900.550	0.520	-6.299
900.560	0.520	-6.372
900.570	0.560	-6.226
900.580	0.560	-6.226
900.590	0.560	-6.592
900.600	0.590	-6.665
900.610	0.590	-6.812
900.620	0.590	-7.031
900.630	0.610	-7.104
900.640	0.610	-7.031
900.650	0.610	-7.031
900.660	0.640	-7.178
900.670	0.640	-7.324
900.680	0.640	-7.690
900.690	0.660	-7.617
900.700	0.660	-7.690
900.710	0.660	-7.910
900.720	0.700	-7.690
900.730	0.700	-7.910
900.740	0.700	-8.276
900.750	0.720	-8.057
900.760	0.720	-8.130
900.770	0.720	-8.350
900.780	0.720	-8.130
900.790	0.720	-8.569
900.800	0.720	-8.643
900.810	0.750	-8.423
900.820	0.750	-8.716
900.830	0.750	-8.569
900.840	0.780	-8.789
900.850	0.780	-9.009
900.860	0.780	-8.862
900.870	0.780	-9.009
900.880	0.780	-9.009
900.890	0.780	-8.862
900.900	0.790	-9.155
900.910	0.790	-9.082
900.920	0.790	-9.155
900.930	0.800	-9.229
900.940	0.800	-9.009
900.950	0.800	-9.155
900.960	0.790	-9.229
900.970	0.790	-9.082
900.980	0.790	-9.155
900.990	0.780	-9.009
901.000	0.780	-9.155
901.010	0.780	-9.155
901.020	0.780	-8.862
901.030	0.780	-9.009
901.040	0.780	-8.789
901.050	0.740	-8.862
901.060	0.740	-8.862
901.070	0.740	-8.569
901.080	0.710	-8.716
901.090	0.710	-8.496
901.100	0.710	-8.130
901.110	0.700	-8.569
901.120	0.700	-8.350
901.130	0.700	-7.983
901.140	0.670	-8.130
901.150	0.670	-7.690
901.160	0.670	-7.617
901.170	0.620	-7.837
901.180	0.620	-7.471
901.190	0.620	-7.324
901.200	0.580	-7.104
901.210	0.580	-6.738
901.220	0.580	-6.738
901.230	0.530	-6.665
901.240	0.530	-6.372
901.250	0.530	-6.445
901.260	0.470	-6.226
901.270	0.470	-5.786
901.280	0.470	-5.420
901.290	0.400	-5.347
901.300	0.400	-5.330
901.310	0.400	-5.037
901.320	0.350	-4.784
901.330	0.350	-4.491
901.340	0.350	-4.198
901.350	0.280	-3.759
901.360	0.280	-3.726
901.370	0.280	-3.653
901.380	0.200	-3.560
901.390	0.200	-3.340
901.400	0.200	-2.917
901.410	0.130	-2.551
901.420	0.130	-2.299
901.430	0.130	-2.153
901.440	0.040	-1.860
901.450	0.040	-1.567
901.460	0.040	-1.160
901.470	-0.040	-0.794
901.480	-0.040	-0.521
901.490	-0.040	0.155
901.500	-0.100	0.155
901.510	-0.100	0.374
901.520	-0.100	0.749
901.530	-0.190	1.155
901.540	-0.190	1.448
901.550	-0.190	2.066
901.560	-0.270	2.066
901.570	-0.270	2.359
901.580	-0.270	2.856
901.590	-0.340	2.856
901.600	-0.340	3.295
901.610	-0.340	3.588
901.620	-0.410	3.588
901.630	-0.410	3.621
901.640	-0.410	4.354
901.650	-0.490	4.354
901.660	-0.490	4.541
901.670	-0.490	5.054
901.680	-0.530	5.054
901.690	-0.530	5.347
901.700	-0.530	5.347
901.710	-0.580	5.347
901.720	-0.580	5.640
901.730	-0.580	6.226
901.740	-0.620	6.226
901.750	-0.620	6.079
901.760	-0.620	6.445
901.770	-0.650	6.445
901.780	-0.650	6.445
901.790	-0.650	6.885
901.800	-0.690	6.885
901.810	-0.690	7.104
901.820	-0.690	7.178
901.830	-0.710	7.178
901.840	-0.710	7.178
901.850	-0.710	7.471
901.860	-0.730	7.471
901.870	-0.730	7.551
901.880	-0.730	7.770
901.890	-0.750	7.844
901.900	-0.750	7.551
901.910	-0.750	7.697
901.920	-0.770	7.917
901.930	-0.770	7.844
901.940	-0.770	8.210
901.950	-0.790	8.137
901.960	-0.790	7.844
901.970	-0.790	8.203
901.980	-0.790	8.203
901.990	-0.790	8.211
902.000	-0.790	8.504
902.010	-0.790	8.364
902.020	-0.790	7.998
902.030	-0.790	8.364
902.040	-0.780	8.145
902.050	-0.780	8.307
902.060	-0.780	8.527
902.070	-0.770	8.034
902.080	-0.770	7.961
902.090	-0.770	8.173
902.100	-0.750	7.880
902.110	-0.750	8.028
902.120	-0.750	8.174
902.130	-0.730	7.608
902.140	-0.730	7.462
902.150	-0.730	7.446
902.160	-0.690	7.372
902.170	-0.690	7.491
902.180	-0.690	7.491
902.190	-0.650	7.131
902.200	-0.650	6.911
902.210	-0.650	6.610
902.220	-0.620	6.537
902.230	-0.620	6.737
902.240	-0.620	6.664
902.250	-0.560	6.251
902.260	-0.560	6.031
902.270	-0.560	5.966
902.280	-0.520	5.600
902.290	-0.520	5.341
902.300	-0.520	5.341
902.310	-0.480	5.361
902.320	-0.480	5.141
902.330	-0.480	4.848
902.340	-0.430	4.628
902.350	-0.430	4.569
902.360	-0.430	4.276
902.370	-0.380	4.090
902.380	-0.380	4.090
902.390	-0.380	3.903
902.400	-0.310	3.683
902.410	-0.310	3.394
902.420	-0.310	3.028
902.430	-0.260	2.722
902.440	-0.260	2.575
902.450	-0.260	2.315
902.460	-0.220	2.168
902.470	-0.220	1.915
902.480	-0.220	1.769
902.490	-0.170	1.622
902.500	-0.170	1.565
902.510	-0.170	1.395
902.520	-0.120	1.395
902.530	-0.120	1.261
902.540	-0.120	1.042
902.550	-0.070	1.042
902.560	-0.070	0.895
902.570	-0.070	0.456
902.580	-0.030	0.456
902.590	-0.030	0.309
902.600	-0.030	-0.293
902.610	0.010	-0.293
902.620	0.010	-0.513
902.630	0.010	-0.879
902.640	0.060	-0.879
902.650	0.060	-1.025
902.660	0.060	-1.099
902.670	0.090	-1.245
902.680	0.090	-1.318
902.690	0.090	-1.465
902.700	0.130	-1.465
902.710	0.130	-1.465
902.720	0.130	-1.685
902.730	0.160	-1.685
902.740	0.160	-1.904
902.750	0.160	-2.271
902.760	0.200	-2.271
902.770	0.200	-2.417
902.780	0.200	-2.490
902.790	0.220	-2.537
902.800	0.220	-2.757
902.810	0.220	-3.050
902.820	0.240	-3.196
902.830	0.240	-3.302
902.840	0.240	-3.229
902.850	0.260	-3.202
902.860	0.260	-3.161
902.870	0.260	-3.308
902.880	0.270	-3.308
902.890	0.270	-3.481
902.900	0.270	-3.481
902.910	0.280	-3.308
902.920	0.280	-3.161
902.930	0.280	-3.234
902.940	0.270	-3.481
902.950	0.270	-3.627
902.960	0.270	-3.595
902.970	0.260	-3.448
902.980	0.260	-3.448
902.990	0.260	-3.275
903.000	0.240	-3.129
903.010	0.240	-3.082
903.020	0.240	-3.082
903.030	0.220	-3.050
903.040	0.220	-3.090
903.050	0.220	-2.871
903.060	0.210	-2.771
903.070	0.210	-2.697
903.080	0.210	-2.697
903.090	0.200	-2.651
903.100	0.200	-2.675
903.110	0.200	-2.675
903.120	0.170	-2.715
903.130	0.170	-2.642
903.140	0.170	-2.455
903.150	0.140	-2.381
903.160	0.140	-2.278
903.170	0.140	-2.131
903.180	0.110	-2.045
903.190	0.110	-1.907
903.200	0.110	-1.589
903.210	0.070	-1.589
903.220	0.070	-1.329
903.230	0.070	-0.963
903.240	0.040	-0.963
903.250	0.040	-0.817
903.260	0.040	-0.581
903.270	0.000	-0.581
903.280	0.000	-0.448
903.290	0.000	-0.293
903.300	-0.040	-0.293
903.310	-0.040	-0.146
903.320	-0.040	0.146
903.330	-0.100	0.146
903.340	-0.100	0.293
903.350	-0.100	0.586
903.360	-0.150	0.586
903.370	-0.150	0.732
903.380	-0.150	0.952
903.390	-0.210	1.218
903.400	-0.210	1.585
903.410	-0.210	1.878
903.420	-0.260	2.097
903.430	-0.260	2.350
903.440	-0.260	2.496
903.450	-0.320	2.756
903.460	-0.320	2.976
903.470	-0.320	3.415
903.480	-0.380	3.561
903.490	-0.380	3.621
903.500	-0.380	3.621
903.510	-0.440	3.654
903.520	-0.440	4.093
903.530	-0.440	4.281
903.540	-0.480	4.500
903.550	-0.480	4.656
903.560	-0.480	4.949
903.570	-0.530	4.962
903.580	-0.530	5.035
903.590	-0.530	5.222
903.600	-0.580	5.662
903.610	-0.580	6.076
903.620	-0.580	5.930
903.630	-0.630	6.083
903.640	-0.630	6.376
903.650	-0.630	6.473
903.660	-0.670	6.400
903.670	-0.670	6.859
903.680	-0.670	7.152
903.690	-0.710	7.305
903.700	-0.710	7.378
903.710	-0.710	7.224
903.720	-0.750	7.370
903.730	-0.750	7.925
903.740	-0.750	7.852
903.750	-0.790	8.131
903.760	-0.790	8.424
903.770	-0.790	8.026
903.780	-0.820	8.245
903.790	-0.820	8.637
903.800	-0.820	8.564
903.810	-0.850	8.904
903.820	-0.850	8.904
903.830	-0.850	8.489
903.840	-0.860	8.928
903.850	-0.860	8.958
903.860	-0.860	9.177
903.870	-0.880	9.251
903.880	-0.880	9.177
903.890	-0.880	9.291
903.900	-0.900	9.291
903.910	-0.900	9.513
903.920	-0.900	9.513
903.930	-0.920	9.706
903.940	-0.920	9.560
903.950	-0.920	9.544
903.960	-0.920	9.544
903.970	-0.920	9.625
903.980	-0.920	9.845
903.990	-0.910	9.605
904.000	-0.910	9.678
904.010	-0.910	9.483
904.020	-0.910	9.483
904.030	-0.910	9.705
904.040	-0.910	9.632
904.050	-0.910	9.618
904.060	-0.910	9.472
904.070	-0.910	9.391
904.080	-0.890	9.391
904.090	-0.890	9.435
904.100	-0.890	9.362
904.110	-0.860	9.335
904.120	-0.860	9.189
904.130	-0.860	8.847
904.140	-0.840	8.920
904.150	-0.840	8.868
904.160	-0.840	8.868
904.170	-0.810	8.868
904.180	-0.810	8.356
904.190	-0.810	8.331
904.200	-0.780	8.331
904.210	-0.780	7.992
904.220	-0.780	8.285
904.230	-0.740	8.065
904.240	-0.740	7.625
904.250	-0.740	7.471
904.260	-0.690	7.397
904.270	-0.690	7.316
904.280	-0.690	7.389
904.290	-0.650	7.103
904.300	-0.650	6.883
904.310	-0.650	6.664
904.320	-0.590	6.224
904.330	-0.590	6.216
904.340	-0.590	6.289
904.350	-0.530	6.030
904.360	-0.530	5.590
904.370	-0.530	5.378
904.380	-0.460	5.232
904.390	-0.460	4.973
904.400	-0.460	4.680
904.410	-0.390	4.507
904.420	-0.390	4.287
904.430	-0.390	3.783
904.440	-0.310	3.343
904.450	-0.310	3.188
904.460	-0.310	2.895
904.470	-0.240	2.655
904.480	-0.240	2.362
904.490	-0.240	2.029
904.500	-0.150	1.809
904.510	-0.150	1.616
904.520	-0.150	1.469
904.530	-0.080	1.323
904.540	-0.080	1.103
904.550	-0.080	0.786
904.560	-0.020	0.573
904.570	-0.020	0.226
904.580	-0.020	-0.140
904.590	0.040	-0.433
904.600	0.040	-0.669
904.610	0.040	-0.889
904.620	0.090	-1.095
904.630	0.090	-1.315
904.640	0.090	-1.461
904.650	0.150	-1.608
904.660	0.150	-1.688
904.670	0.150	-1.761
904.680	0.200	-1.907
904.690	0.200	-2.127
904.700	0.200	-2.330
904.710	0.230	-2.550
904.720	0.230	-2.710
904.730	0.230	-2.783
904.740	0.280	-3.076
904.750	0.280	-3.369
904.760	0.280	-3.735
904.770	0.320	-3.882
904.780	0.320	-3.882
904.790	0.320	-3.809
904.800	0.350	-3.809
904.810	0.350	-4.028
904.820	0.350	-4.248
904.830	0.370	-4.321
904.840	0.370	-4.321
904.850	0.370	-4.321
904.860	0.390	-4.468
904.870	0.390	-4.614
904.880	0.390	-4.687
904.890	0.400	-4.687
904.900	0.400	-4.761
904.910	0.400	-4.761
904.920	0.410	-4.761
904.930	0.410	-4.834
904.940	0.410	-4.834
904.950	0.410	-4.907
904.960	0.410	-4.907
904.970	0.410	-4.834
904.980	0.410	-4.834
904.990	0.410	-4.834
905.000	0.410	-4.834
905.010	0.400	-4.834
905.020	0.400	-4.810
905.030	0.400	-4.810
905.040	0.390	-4.703
905.050	0.390	-4.703
905.060	0.390	-4.630
905.070	0.370	-4.557
905.080	0.370	-4.516
905.090	0.370	-4.516
905.100	0.340	-4.409
905.110	0.340	-4.190
905.120	0.340	-4.141
905.130	0.310	-4.068
905.140	0.310	-4.060
905.150	0.310	-3.694
905.160	0.260	-3.374
905.170	0.260	-3.301
905.180	0.260	-3.269
905.190	0.220	-3.269
905.200	0.220	-3.261
905.210	0.220	-3.115
905.220	0.170	-2.875
905.230	0.170	-2.655
905.240	0.170	-2.476
905.250	0.130	-2.330
905.260	0.130	-2.145
905.270	0.130	-1.998
905.280	0.090	-1.772
905.290	0.090	-1.479
905.300	0.090	-1.153
905.310	0.030	-0.934
905.320	0.030	-0.815
905.330	0.030	-0.669
905.340	-0.020	-0.522
905.350	-0.020	-0.376
905.360	-0.020	-0.294
905.370	-0.080	-0.001
905.380	-0.080	0.146
905.390	-0.080	0.286
905.400	-0.140	0.433
905.410	-0.140	0.596
905.420	-0.140	0.823
905.430	-0.200	1.023
905.440	-0.200	1.243
905.450	-0.200	1.609
905.460	-0.260	1.975
905.470	-0.260	2.154
905.480	-0.260	2.293
905.490	-0.300	2.671
905.500	-0.300	2.875
905.510	-0.300	3.168
905.520	-0.340	3.408
905.530	-0.340	3.408
905.540	-0.340	3.408
905.550	-0.390	3.408
905.560	-0.390	3.408
905.570	-0.390	3.961
905.580	-0.430	3.961
905.590	-0.430	4.281
905.600	-0.430	4.395
905.610	-0.480	4.468
905.620	-0.480	4.687
905.630	-0.480	4.907
905.640	-0.530	4.907
905.650	-0.530	5.054
905.660	-0.530	5.640
905.670	-0.570	5.640
905.680	-0.570	5.566
905.690	-0.570	5.859
905.700	-0.600	5.859
905.710	-0.600	6.079
905.720	-0.600	5.933
905.730	-0.630	5.933
905.740	-0.630	6.372
905.750	-0.630	6.665
905.760	-0.670	6.665
905.770	-0.670	6.812
905.780	-0.670	6.812
905.790	-0.700	6.812
905.800	-0.700	6.885
905.810	-0.700	7.324
905.820	-0.720	7.324
905.830	-0.720	7.617
905.840	-0.720	7.324
905.850	-0.730	7.324
905.860	-0.730	7.471
905.870	-0.730	7.617
905.880	-0.740	7.617
905.890	-0.740	7.983
905.900	-0.740	7.690
905.910	-0.750	7.690
905.920	-0.750	7.764
905.930	-0.750	7.837
905.940	-0.770	7.837
905.950	-0.770	8.203
905.960	-0.770	7.764
905.970	-0.770	7.764
905.980	-0.770	7.910
905.990	-0.770	7.837
906.000	-0.760	7.837
906.010	-0.760	8.203
906.020	-0.760	7.690
906.030	-0.750	7.690
906.040	-0.750	7.824
906.050	-0.750	7.677
906.060	-0.740	7.677
906.070	-0.740	7.897
906.080	-0.740	7.677
906.090	-0.720	7.384
906.100	-0.720	7.384
906.110	-0.720	7.384
906.120	-0.690	7.311
906.130	-0.690	7.384
906.140	-0.690	7.324
906.150	-0.660	7.031
906.160	-0.660	6.812
906.170	-0.660	6.592
906.180	-0.620	6.738
906.190	-0.620	6.665
906.200	-0.620	6.445
906.210	-0.570	6.079
906.220	-0.570	6.079
906.230	-0.570	5.859
906.240	-0.520	5.420
906.250	-0.520	5.273
906.260	-0.520	5.273
906.270	-0.460	5.200
906.280	-0.460	4.907
906.290	-0.460	4.687
906.300	-0.400	4.468
906.310	-0.400	4.175
906.320	-0.400	3.955
906.330	-0.340	3.882
906.340	-0.340	3.809
906.350	-0.340	3.662
906.360	-0.280	3.442
906.370	-0.280	3.003
906.380	-0.280	2.637
906.390	-0.220	2.417
906.400	-0.220	2.271
906.410	-0.220	2.051
906.420	-0.150	1.685
906.430	-0.150	1.392
906.440	-0.150	1.099
906.450	-0.080	0.879
906.460	-0.080	0.659
906.470	-0.080	0.513
906.480	-0.020	0.293
906.490	-0.020	0.146
906.500	-0.020	-0.073
906.510	0.050	-0.293
906.520	0.050	-0.366
906.530	0.050	-0.586
906.540	0.110	-0.806
906.550	0.110	-1.025
906.560	0.110	-1.318
906.570	0.160	-1.611
906.580	0.160	-1.831
906.590	0.160	-2.051
906.600	0.200	-2.197
906.610	0.200	-2.344
906.620	0.200	-2.563
906.630	0.250	-2.930
906.640	0.250	-3.149
906.650	0.250	-3.369
906.660	0.280	-3.369
906.670	0.280	-3.369
906.680	0.280	-3.442
906.690	0.320	-3.516
906.700	0.320	-3.882
906.710	0.320	-4.028
906.720	0.360	-4.175
906.730	0.360	-4.102
906.740	0.360	-4.175
906.750	0.400	-4.468
906.760	0.400	-4.614
906.770	0.400	-4.761
906.780	0.440	-4.761
906.790	0.440	-5.127
906.800	0.440	-5.200
906.810	0.470	-5.227
906.820	0.470	-5.300
906.830	0.470	-5.740
906.840	0.500	-5.813
906.850	0.500	-5.593
906.860	0.500	-5.666
906.870	0.520	-5.959
906.880	0.520	-6.244
906.890	0.520	-6.024
906.900	0.530	-6.031
906.910	0.530	-6.371
906.920	0.530	-6.371
906.930	0.530	-6.004
906.940	0.530	-6.069
906.950	0.530	-6.289
906.960	0.540	-6.309
906.970	0.540	-6.163
906.980	0.540	-6.391
906.990	0.530	-6.537
907.000	0.530	-6.359
907.010	0.530	-6.067
907.020	0.530	-6.220
907.030	0.530	-6.293
907.040	0.530	-6.155
907.050	0.520	-6.081
907.060	0.520	-6.444
907.070	0.520	-6.371
907.080	0.500	-5.891
907.090	0.500	-5.671
907.100	0.500	-5.842
907.110	0.470	-5.916
907.120	0.470	-5.689
907.130	0.470	-5.616
907.140	0.440	-5.762
907.150	0.440	-5.754
907.160	0.440	-5.079
907.170	0.410	-5.079
907.180	0.410	-5.012
907.190	0.410	-5.012
907.200	0.380	-4.939
907.210	0.380	-4.719
907.220	0.380	-4.646
907.230	0.340	-4.500
907.240	0.340	-4.207
907.250	0.340	-4.068
907.260	0.300	-4.142
907.270	0.300	-4.068
907.280	0.300	-3.955
907.290	0.250	-3.735
907.300	0.250	-3.296
907.310	0.250	-3.149
907.320	0.190	-2.930
907.330	0.190	-2.808
907.340	0.190	-2.588
907.350	0.140	-2.208
907.360	0.140	-1.989
907.370	0.140	-1.769
907.380	0.070	-1.622
907.390	0.070	-1.484
907.400	0.070	-1.338
907.410	0.000	-1.118
907.420	0.000	-0.971
907.430	0.000	-0.654
907.440	-0.050	-0.434
907.450	-0.050	-0.228
907.460	-0.050	0.212
907.470	-0.120	0.358
907.480	-0.120	0.675
907.490	-0.120	0.903
907.500	-0.160	1.036
907.510	-0.160	1.183
907.520	-0.160	1.329
907.530	-0.210	1.403
907.540	-0.210	1.574
907.550	-0.210	1.720
907.560	-0.260	1.700
907.570	-0.260	1.993
907.580	-0.260	2.449
907.590	-0.310	2.449
907.600	-0.310	2.609
907.610	-0.310	2.975
907.620	-0.340	3.195
907.630	-0.340	3.463
907.640	-0.340	3.610
907.650	-0.370	3.610
907.660	-0.370	3.776
907.670	-0.370	3.630
907.680	-0.400	3.630
907.690	-0.400	3.589
907.700	-0.400	4.175
907.710	-0.430	4.175
907.720	-0.430	4.248
907.730	-0.430	4.321
907.740	-0.460	4.321
907.750	-0.460	4.614
907.760	-0.460	4.761
907.770	-0.490	4.761
907.780	-0.490	4.834
907.790	-0.490	5.127
907.800	-0.520	5.127
907.810	-0.520	5.127
907.820	-0.520	5.347
907.830	-0.540	5.347
907.840	-0.540	5.493
907.850	-0.540	5.347
907.860	-0.570	5.347
907.870	-0.570	5.566
907.880	-0.570	5.933
907.890	-0.590	5.933
907.900	-0.590	5.666
907.910	-0.590	5.959
907.920	-0.590	6.106
907.930	-0.590	5.886
907.940	-0.590	5.740
907.950	-0.590	6.106
907.960	-0.590	6.325
907.970	-0.590	6.179
907.980	-0.580	5.886
907.990	-0.580	6.032
908.000	-0.580	6.152
908.010	-0.580	5.786
908.020	-0.580	5.713
908.030	-0.580	6.079
908.040	-0.580	6.226
908.050	-0.580	5.859
908.060	-0.580	5.786
908.070	-0.560	5.933
908.080	-0.560	5.990
908.090	-0.560	5.623
908.100	-0.530	5.437
908.110	-0.530	5.437
908.120	-0.530	5.657
908.130	-0.490	5.290
908.140	-0.490	5.120
908.150	-0.490	5.046
908.160	-0.450	4.860
908.170	-0.450	4.713
908.180	-0.450	4.510
908.190	-0.410	4.437
908.200	-0.410	4.363
908.210	-0.410	4.143
908.220	-0.370	3.677
908.230	-0.370	3.604
908.240	-0.370	3.555
908.250	-0.310	3.482
908.260	-0.310	3.408
908.270	-0.310	3.115
908.280	-0.260	2.882
908.290	-0.260	2.808
908.300	-0.260	2.556
908.310	-0.210	2.483
908.320	-0.210	2.363
908.330	-0.210	2.070
908.340	-0.150	1.704
908.350	-0.150	1.484
908.360	-0.150	1.159
908.370	-0.090	1.012
908.380	-0.090	0.879
908.390	-0.090	0.659
908.400	-0.030	0.513
908.410	-0.030	0.293
908.420	-0.030	0.000
908.430	0.040	-0.146
908.440	0.040	-0.366
908.450	0.040	-0.586
908.460	0.100	-0.806
908.470	0.100	-1.099
908.480	0.100	-1.318
908.490	0.170	-1.685
908.500	0.170	-2.100
908.510	0.170	-2.393
908.520	0.220	-2.579
908.530	0.220	-2.725
908.540	0.220	-2.872
908.550	0.300	-3.092
908.560	0.300	-3.442
908.570	0.300	-3.735
908.580	0.350	-3.914
908.590	0.350	-3.988
908.600	0.350	-4.012
908.610	0.400	-4.378
908.620	0.400	-4.615
908.630	0.400	-4.835
908.640	0.450	-4.941
908.650	0.450	-5.161
908.660	0.450	-5.324
908.670	0.500	-5.324
908.680	0.500	-5.575
908.690	0.500	-6.015
908.700	0.540	-6.168
908.710	0.540	-5.875
908.720	0.540	-5.964
908.730	0.570	-6.331
908.740	0.570	-6.582
908.750	0.570	-6.729
908.760	0.600	-6.862
908.770	0.600	-6.935
908.780	0.600	-6.870
908.790	0.620	-6.870
908.800	0.620	-7.018
908.810	0.620	-7.311
908.820	0.650	-7.584
908.830	0.650	-7.511
908.840	0.650	-7.446
908.850	0.670	-7.519
908.860	0.670	-7.630
908.870	0.670	-7.703
908.880	0.700	-8.182
908.890	0.700	-7.963
908.900	0.700	-7.735
908.910	0.710	-8.028
908.920	0.710	-7.991
908.930	0.710	-8.064
908.940	0.720	-8.477
908.950	0.720	-8.257
908.960	0.720	-8.086
908.970	0.720	-8.379
908.980	0.720	-8.128
908.990	0.720	-8.494
909.000	0.730	-8.640
909.010	0.730	-8.274
909.020	0.730	-8.258
909.030	0.710	-8.258
909.040	0.710	-8.154
909.050	0.710	-8.594
909.060	0.700	-8.387
909.070	0.700	-8.094
909.080	0.700	-8.159
909.090	0.680	-7.867
909.100	0.680	-7.867
909.110	0.680	-8.233
909.120	0.660	-7.953
909.130	0.660	-7.733
909.140	0.660	-7.571
909.150	0.630	-7.278
909.160	0.630	-7.264
909.170	0.630	-7.411
909.180	0.590	-7.411
909.190	0.590	-7.118
909.200	0.590	-6.898
909.210	0.540	-6.532
909.220	0.540	-6.592
909.230	0.540	-6.519
909.240	0.490	-6.226
909.250	0.490	-6.079
909.260	0.490	-6.152
909.270	0.440	-5.859
909.280	0.440	-5.273
909.290	0.440	-5.200
909.300	0.380	-5.127
909.310	0.380	-4.736
909.320	0.380	-4.736
909.330	0.330	-4.557
909.340	0.330	-4.410
909.350	0.330	-4.117
909.360	0.270	-3.751
909.370	0.270	-3.645
909.380	0.270	-3.718
909.390	0.220	-3.618
909.400	0.220	-3.325
909.410	0.220	-3.033
909.420	0.150	-2.691
909.430	0.150	-2.521
909.440	0.150	-2.301
909.450	0.090	-2.074
909.460	0.090	-1.855
909.470	0.090	-1.521
909.480	0.050	-1.155
909.490	0.050	-0.970
909.500	0.050	-0.823
909.510	-0.010	-0.677
909.520	-0.010	-0.530
909.530	-0.010	-0.368
909.540	-0.050	-0.221
909.550	-0.050	-0.155
909.560	-0.050	-0.008
909.570	-0.110	0.198
909.580	-0.110	0.272
909.590	-0.110	0.499
909.600	-0.160	0.646
909.610	-0.160	0.809
909.620	-0.160	1.028
909.630	-0.200	1.295
909.640	-0.200	1.514
909.650	-0.200	1.807
909.660	-0.250	2.027
909.670	-0.250	2.219
909.680	-0.250	2.366
909.690	-0.280	2.486
909.700	-0.280	2.559
909.710	-0.280	2.762
909.720	-0.310	2.982
909.730	-0.310	3.041
909.740	-0.310	3.041
909.750	-0.340	3.015
909.760	-0.340	3.015
909.770	-0.340	2.982
909.780	-0.360	3.202
909.790	-0.360	3.505
909.800	-0.360	3.725
909.810	-0.380	3.692
909.820	-0.380	3.545
909.830	-0.380	3.928
909.840	-0.410	3.928
909.850	-0.410	4.174
909.860	-0.410	4.321
909.870	-0.440	4.321
909.880	-0.440	4.247
909.890	-0.440	4.410
909.900	-0.460	4.410
909.910	-0.460	4.517
909.920	-0.460	4.541
909.930	-0.470	4.541
909.940	-0.470	4.614
909.950	-0.470	4.687
909.960	-0.470	4.687
909.970	-0.470	4.687
909.980	-0.470	4.761
909.990	-0.470	4.761
910.000	-0.470	4.687
910.010	-0.470	4.687
910.020	-0.470	4.687
910.030	-0.470	4.761
910.040	-0.470	4.687
910.050	-0.450	4.614
910.060	-0.450	4.614
910.070	-0.450	4.541
910.080	-0.430	4.508
910.090	-0.430	4.288
910.100	-0.430	4.215
910.110	-0.410	4.215
910.120	-0.410	4.255
910.130	-0.410	4.182
910.140	-0.390	3.936
910.150	-0.390	3.789
910.160	-0.390	3.863
910.170	-0.360	3.936
910.180	-0.360	3.928
910.190	-0.360	3.782
910.200	-0.320	3.469
910.210	-0.320	3.103
910.220	-0.320	2.916
910.230	-0.270	2.769
910.240	-0.270	2.666
910.250	-0.270	2.519
910.260	-0.220	2.346
910.270	-0.220	2.199
910.280	-0.220	2.020
910.290	-0.180	1.947
910.300	-0.180	1.829
910.310	-0.180	1.756
910.320	-0.130	1.602
910.330	-0.130	1.383
910.340	-0.130	1.220
910.350	-0.060	1.000
910.360	-0.060	0.734
910.370	-0.060	0.368
910.380	0.010	0.148
910.390	0.010	-0.161
910.400	0.010	-0.462
910.410	0.070	-0.802
910.420	0.070	-1.088
910.430	0.070	-1.308
910.440	0.140	-1.528
910.450	0.140	-1.772
910.460	0.140	-1.992
910.470	0.210	-2.045
910.480	0.210	-2.265
910.490	0.210	-2.468
910.500	0.270	-2.761
910.510	0.270	-2.902
910.520	0.270	-3.121
910.530	0.330	-3.234
910.540	0.330	-3.527
910.550	0.330	-3.943
910.560	0.370	-4.162
910.570	0.370	-4.329
910.580	0.370	-4.475
910.590	0.400	-4.548
910.600	0.400	-4.695
910.610	0.400	-4.858
910.620	0.440	-4.884
910.630	0.440	-5.520
910.640	0.440	-5.520
910.650	0.480	-5.393
910.660	0.480	-5.393
910.670	0.480	-5.540
910.680	0.520	-5.906
910.690	0.520	-6.052
910.700	0.520	-5.979
910.710	0.550	-6.288
910.720	0.550	-6.555
910.730	0.550	-6.482
910.740	0.580	-6.172
910.750	0.580	-6.519
910.760	0.580	-6.665
910.770	0.590	-6.812
910.780	0.590	-6.958
910.790	0.590	-7.104
910.800	0.620	-7.031
910.810	0.620	-6.958
910.820	0.620	-7.031
910.830	0.640	-7.251
910.840	0.640	-7.617
910.850	0.640	-7.544
910.860	0.670	-7.544
910.870	0.670	-7.690
910.880	0.670	-7.544
910.890	0.680	-7.544
910.900	0.680	-7.983
910.910	0.680	-7.983
910.920	0.690	-7.837
910.930	0.690	-7.983
910.940	0.690	-7.764
910.950	0.690	-7.690
910.960	0.690	-8.203
910.970	0.690	-8.057
910.980	0.680	-7.910
910.990	0.680	-8.057
911.000	0.680	-7.837
911.010	0.670	-7.764
911.020	0.670	-8.057
911.030	0.670	-7.910
911.040	0.660	-7.764
911.050	0.660	-7.837
911.060	0.660	-7.471
911.070	0.640	-7.544
911.080	0.640	-7.764
911.090	0.640	-7.617
911.100	0.610	-7.397
911.110	0.610	-7.251
911.120	0.610	-7.104
911.130	0.580	-7.031
911.140	0.580	-7.031
911.150	0.580	-7.031
911.160	0.560	-6.958
911.170	0.560	-6.738
911.180	0.560	-6.299
911.190	0.520	-6.299
911.200	0.520	-6.372
911.210	0.520	-6.226
911.220	0.480	-5.933
911.230	0.480	-5.933
911.240	0.480	-6.006
911.250	0.430	-5.566
911.260	0.430	-5.273
911.270	0.430	-5.054
911.280	0.370	-5.054
911.290	0.370	-4.761
911.300	0.370	-4.541
911.310	0.300	-4.395
911.320	0.300	-4.175
911.330	0.300	-3.735
911.340	0.230	-3.369
911.350	0.230	-3.223
911.360	0.230	-3.076
911.370	0.170	-3.076
911.380	0.170	-2.856
911.390	0.170	-2.563
911.400	0.100	-2.271
911.410	0.100	-2.051
911.420	0.100	-1.831
911.430	0.020	-1.611
911.440	0.020	-1.318
911.450	0.020	-1.099
911.460	-0.030	-0.879
911.470	-0.030	-0.513
911.480	-0.030	-0.220
911.490	-0.090	0.000
911.500	-0.090	0.236
911.510	-0.090	0.529
911.520	-0.140	0.802
911.530	-0.140	1.022
911.540	-0.140	1.241
911.550	-0.190	1.461
911.560	-0.190	1.681
911.570	-0.190	1.827
911.580	-0.250	1.974
911.590	-0.250	2.145
911.600	-0.250	2.348
911.610	-0.300	2.528
911.620	-0.300	2.621
911.630	-0.300	2.694
911.640	-0.350	2.768
911.650	-0.350	2.955
911.660	-0.350	3.101
911.670	-0.400	3.414
911.680	-0.400	3.780
911.690	-0.400	3.976
911.700	-0.450	3.976
911.710	-0.450	4.146
911.720	-0.450	4.659
911.730	-0.480	4.659
911.740	-0.480	4.732
911.750	-0.480	4.984
911.760	-0.510	4.984
911.770	-0.510	5.184
911.780	-0.510	5.184
911.790	-0.530	5.184
911.800	-0.530	5.404
911.810	-0.530	5.420
911.820	-0.560	5.420
911.830	-0.560	5.347
911.840	-0.560	6.006
911.850	-0.580	6.006
911.860	-0.580	6.006
911.870	-0.580	6.079
911.880	-0.600	6.079
911.890	-0.600	6.226
911.900	-0.600	5.933
911.910	-0.610	5.933
911.920	-0.610	6.299
911.930	-0.610	6.519
911.940	-0.620	6.519
911.950	-0.620	6.299
911.960	-0.620	6.372
911.970	-0.630	6.372
911.980	-0.630	6.226
911.990	-0.630	6.665
912.000	-0.630	6.665
912.010	-0.630	6.738
912.020	-0.630	6.519
912.030	-0.620	6.519
912.040	-0.620	6.519
912.050	-0.620	6.152
912.060	-0.610	6.152
912.070	-0.610	6.519
912.080	-0.610	6.226
912.090	-0.600	6.226
912.100	-0.600	6.079
912.110	-0.600	6.079
912.120	-0.580	6.079
912.130	-0.580	5.713
912.140	-0.580	5.713
912.150	-0.560	6.079
912.160	-0.560	6.006
912.170	-0.560	5.566
912.180	-0.520	5.380
912.190	-0.520	5.518
912.200	-0.520	5.445
912.210	-0.460	5.119
912.220	-0.460	4.899
912.230	-0.460	4.753
912.240	-0.420	4.606
912.250	-0.420	4.370
912.260	-0.420	4.297
912.270	-0.370	4.124
912.280	-0.370	4.017
912.290	-0.370	3.586
912.300	-0.310	3.366
912.310	-0.310	3.277
912.320	-0.310	3.204
912.330	-0.270	3.178
912.340	-0.270	3.031
912.350	-0.270	2.608
912.360	-0.210	2.315
912.370	-0.210	2.211
912.380	-0.210	1.992
912.390	-0.150	1.838
912.400	-0.150	1.545
912.410	-0.150	1.301
912.420	-0.090	1.155
912.430	-0.090	0.889
912.440	-0.090	0.669
912.450	-0.030	0.456
912.460	-0.030	0.228
912.470	-0.030	-0.008
912.480	0.030	-0.148
912.490	0.030	-0.361
912.500	0.030	-0.581
912.510	0.100	-0.874
912.520	0.100	-1.272
912.530	0.100	-1.492
912.540	0.160	-1.692
912.550	0.160	-1.845
912.560	0.160	-2.057
912.570	0.220	-2.203
912.580	0.220	-2.544
912.590	0.220	-2.910
912.600	0.250	-3.089
912.610	0.250	-3.089
912.620	0.250	-3.057
912.630	0.290	-3.130
912.640	0.290	-3.419
912.650	0.290	-3.638
912.660	0.340	-3.878
912.670	0.340	-4.098
912.680	0.340	-4.057
912.690	0.380	-4.057
912.700	0.380	-4.390
912.710	0.380	-4.683
912.720	0.420	-4.790
912.730	0.420	-4.936
912.740	0.420	-4.960
912.750	0.460	-5.253
912.760	0.460	-5.290
912.770	0.460	-5.290
912.780	0.490	-5.590
912.790	0.490	-5.810
912.800	0.490	-5.590
912.810	0.500	-5.444
912.820	0.500	-5.695
912.830	0.500	-5.988
912.840	0.510	-6.008
912.850	0.510	-5.788
912.860	0.510	-6.098
912.870	0.530	-6.317
912.880	0.530	-6.140
912.890	0.530	-5.993
912.900	0.540	-6.146
912.910	0.540	-6.293
912.920	0.540	-6.228
912.930	0.540	-6.228
912.940	0.540	-6.590
912.950	0.540	-6.590
912.960	0.540	-6.177
912.970	0.540	-6.104
912.980	0.540	-6.348
912.990	0.540	-6.348
913.000	0.540	-6.334
913.010	0.540	-6.553
913.020	0.520	-6.500
913.030	0.520	-6.207
913.040	0.520	-5.825
913.050	0.500	-5.971
913.060	0.500	-6.164
913.070	0.500	-6.018
913.080	0.480	-5.798
913.090	0.480	-5.944
913.100	0.480	-5.578
913.110	0.460	-5.578
913.120	0.460	-5.412
913.130	0.460	-5.412
913.140	0.430	-5.498
913.150	0.430	-5.409
913.160	0.430	-5.116
913.170	0.400	-5.076
913.180	0.400	-5.051
913.190	0.400	-4.978
913.200	0.360	-4.727
913.210	0.360	-4.613
913.220	0.360	-4.320
913.230	0.320	-4.320
913.240	0.320	-4.014
913.250	0.320	-3.810
913.260	0.260	-3.810
913.270	0.260	-3.704
913.280	0.260	-3.435
913.290	0.200	-2.909
913.300	0.200	-2.656
913.310	0.200	-2.477
913.320	0.130	-2.330
913.330	0.130	-2.192
913.340	0.130	-1.972
913.350	0.060	-1.673
913.360	0.060	-1.307
913.370	0.060	-1.014
913.380	-0.010	-0.794
913.390	-0.010	-0.661
913.400	-0.010	-0.221
913.410	-0.080	-0.221
913.420	-0.080	-0.001
913.430	-0.080	0.446
913.440	-0.150	0.446
913.450	-0.150	0.659
913.460	-0.150	0.806
913.470	-0.190	1.005
913.480	-0.190	1.225
913.490	-0.190	1.591
913.500	-0.240	1.811
913.510	-0.240	2.063
913.520	-0.240	2.210
913.530	-0.290	2.263
913.540	-0.290	2.410
913.550	-0.290	2.556
913.560	-0.340	2.849
913.570	-0.340	3.300
913.580	-0.340	3.520
913.590	-0.400	3.553
913.600	-0.400	3.627
913.610	-0.400	3.814
913.620	-0.450	4.180
913.630	-0.450	4.469
913.640	-0.450	4.542
913.650	-0.490	4.648
913.660	-0.490	4.860
913.670	-0.490	4.941
913.680	-0.520	4.941
913.690	-0.520	5.054
913.700	-0.520	5.494
913.710	-0.550	5.494
913.720	-0.550	5.421
913.730	-0.550	5.372
913.740	-0.580	5.605
913.750	-0.580	6.011
913.760	-0.580	6.019
913.770	-0.620	5.946
913.780	-0.620	6.328
913.790	-0.620	6.415
913.800	-0.650	6.342
913.810	-0.650	6.423
913.820	-0.650	6.789
913.830	-0.680	6.949
913.840	-0.680	7.082
913.850	-0.680	7.082
913.860	-0.700	7.009
913.870	-0.700	7.156
913.880	-0.700	7.213
913.890	-0.710	7.346
913.900	-0.710	7.492
913.910	-0.710	7.557
913.920	-0.720	7.338
913.930	-0.720	7.389
913.940	-0.720	7.682
913.950	-0.740	7.542
913.960	-0.740	7.689
913.970	-0.740	7.835
913.980	-0.750	7.542
913.990	-0.750	7.461
914.000	-0.750	7.681
914.010	-0.730	7.681
914.020	-0.730	7.681
914.030	-0.730	7.829
914.040	-0.720	7.536
914.050	-0.720	7.383
914.060	-0.720	7.456
914.070	-0.710	7.456
914.080	-0.710	7.383
914.090	-0.710	7.464
914.100	-0.690	7.318
914.110	-0.690	7.025
914.120	-0.690	6.951
914.130	-0.660	7.031
914.140	-0.660	7.031
914.150	-0.660	7.031
914.160	-0.640	6.885
914.170	-0.640	6.738
914.180	-0.640	6.665
914.190	-0.610	6.372
914.200	-0.610	6.152
914.210	-0.610	6.372
914.220	-0.570	6.372
914.230	-0.570	5.933
914.240	-0.570	5.713
914.250	-0.530	5.859
914.260	-0.530	5.640
914.270	-0.530	5.200
914.280	-0.470	5.054
914.290	-0.470	4.907
914.300	-0.470	4.834
914.310	-0.410	4.614
914.320	-0.410	4.395
914.330	-0.410	4.248
914.340	-0.360	4.028
914.350	-0.360	3.662
914.360	-0.360	3.516
914.370	-0.310	3.516
914.380	-0.310	3.442
914.390	-0.310	3.369
914.400	-0.250	3.003
914.410	-0.250	2.637
914.420	-0.250	2.417
914.430	-0.180	2.197
914.440	-0.180	1.978
914.450	-0.180	1.685
914.460	-0.110	1.465
914.470	-0.110	1.172
914.480	-0.110	0.879
914.490	-0.040	0.659
914.500	-0.040	0.431
914.510	-0.040	0.212
914.520	0.030	-0.001
914.530	0.030	-0.221
914.540	0.030	-0.441
914.550	0.100	-0.661
914.560	0.100	-1.027
914.570	0.100	-1.320
914.580	0.150	-1.540
914.590	0.150	-1.865
914.600	0.150	-2.003
914.610	0.190	-2.130
914.620	0.190	-2.356
914.630	0.190	-2.576
914.640	0.230	-2.869
914.650	0.230	-3.138
914.660	0.230	-3.138
914.670	0.260	-3.111
914.680	0.260	-3.184
914.690	0.260	-3.152
914.700	0.300	-3.298
914.710	0.300	-3.668
914.720	0.300	-3.815
914.730	0.330	-3.781
914.740	0.330	-3.708
914.750	0.330	-3.732
914.760	0.360	-4.025
914.770	0.360	-4.329
914.780	0.360	-4.548
914.790	0.390	-4.548
914.800	0.390	-4.548
914.810	0.390	-4.711
914.820	0.420	-4.711
914.830	0.420	-4.818
914.840	0.420	-5.037
914.850	0.430	-5.037
914.860	0.430	-5.184
914.870	0.430	-5.054
914.880	0.440	-5.054
914.890	0.440	-5.127
914.900	0.440	-5.420
914.910	0.450	-5.367
914.920	0.450	-5.147
914.930	0.450	-5.220
914.940	0.450	-5.367
914.950	0.450	-5.513
914.960	0.450	-5.220
914.970	0.440	-5.180
914.980	0.440	-5.180
914.990	0.440	-5.400
915.000	0.440	-5.253
915.010	0.440	-5.209
915.020	0.440	-5.282
915.030	0.440	-5.435
915.040	0.440	-5.435
915.050	0.440	-5.069
915.060	0.440	-4.996
915.070	0.440	-5.085
915.080	0.440	-5.305
915.090	0.420	-5.111
915.100	0.420	-4.965
915.110	0.420	-4.843
915.120	0.390	-4.916
915.130	0.390	-4.836
915.140	0.390	-4.665
915.150	0.350	-4.665
915.160	0.350	-4.592
915.170	0.350	-4.031
915.180	0.310	-4.031
915.190	0.310	-3.931
915.200	0.310	-3.931
915.210	0.270	-3.931
915.220	0.270	-3.711
915.230	0.270	-3.345
915.240	0.210	-3.076
915.250	0.210	-2.856
915.260	0.210	-2.783
915.270	0.170	-2.690
915.280	0.170	-2.617
915.290	0.170	-2.470
915.300	0.120	-2.251
915.310	0.120	-2.039
915.320	0.120	-1.892
915.330	0.060	-1.673
915.340	0.060	-1.526
915.350	0.060	-1.380
915.360	-0.010	-1.160
915.370	-0.010	-0.960
915.380	-0.010	-0.667
915.390	-0.070	-0.381
915.400	-0.070	-0.015
915.410	-0.070	0.286
915.420	-0.140	0.653
915.430	-0.140	0.897
915.440	-0.140	1.190
915.450	-0.190	1.323
915.460	-0.190	1.543
915.470	-0.190	1.689
915.480	-0.230	1.835
915.490	-0.230	2.013
915.500	-0.230	2.160
915.510	-0.270	2.273
915.520	-0.270	2.460
915.530	-0.270	2.582
915.540	-0.320	2.582
915.550	-0.320	2.742
915.560	-0.320	3.035
915.570	-0.360	3.035
915.580	-0.360	3.328
915.590	-0.360	3.743
915.600	-0.410	3.743
915.610	-0.410	3.776
915.620	-0.410	4.102
915.630	-0.450	4.102
915.640	-0.450	4.395
915.650	-0.450	4.614
915.660	-0.500	4.614
915.670	-0.500	4.761
915.680	-0.500	5.127
915.690	-0.540	5.127
915.700	-0.540	5.200
915.710	-0.540	5.713
915.720	-0.570	5.713
915.730	-0.570	5.640
915.740	-0.570	5.640
915.750	-0.590	5.640
915.760	-0.590	6.152
915.770	-0.590	6.006
915.780	-0.620	6.006
915.790	-0.620	6.226
915.800	-0.620	6.299
915.810	-0.650	6.299
915.820	-0.650	6.226
915.830	-0.650	6.665
915.840	-0.670	6.825
915.850	-0.670	6.898
915.860	-0.670	6.898
915.870	-0.700	6.898
915.880	-0.700	6.898
915.890	-0.700	6.971
915.900	-0.710	7.118
915.910	-0.710	7.338
915.920	-0.710	7.557
915.930	-0.710	7.204
915.940	-0.710	7.191
915.950	-0.710	7.264
915.960	-0.720	7.338
915.970	-0.720	7.484
915.980	-0.720	7.704
915.990	-0.720	7.624
916.000	-0.720	7.331
916.010	-0.720	7.258
916.020	-0.720	7.331
916.030	-0.720	7.545
916.040	-0.720	7.545
916.050	-0.700	7.679
916.060	-0.700	7.239
916.070	-0.700	7.093
916.080	-0.680	7.019
916.090	-0.680	7.116
916.100	-0.680	7.262
916.110	-0.650	7.202
916.120	-0.650	6.982
916.130	-0.650	6.681
916.140	-0.620	6.608
916.150	-0.620	6.394
916.160	-0.620	6.613
916.170	-0.590	6.627
916.180	-0.590	6.334
916.190	-0.590	6.024
916.200	-0.560	6.024
916.210	-0.560	5.913
916.220	-0.560	5.547
916.230	-0.520	5.434
916.240	-0.520	5.434
916.250	-0.520	5.369
916.260	-0.470	5.149
916.270	-0.470	4.957
916.280	-0.470	4.810
916.290	-0.420	4.624
916.300	-0.420	4.404
916.310	-0.420	4.176
916.320	-0.350	4.176
916.330	-0.350	3.997
916.340	-0.350	3.264
916.350	-0.290	3.264
916.360	-0.290	2.898
916.370	-0.290	2.491
916.380	-0.220	2.491
916.390	-0.220	2.238
916.400	-0.220	1.538
916.410	-0.140	1.392
916.420	-0.140	1.392
916.430	-0.140	1.025
916.440	-0.080	1.025
916.450	-0.080	0.806
916.460	-0.080	0.366
916.470	-0.020	0.366
916.480	-0.020	0.073
916.490	-0.020	-0.220
916.500	0.060	-0.439
916.510	0.060	-0.659
916.520	0.060	-1.099
916.530	0.140	-1.099
916.540	0.140	-1.318
916.550	0.140	-1.758
916.560	0.200	-1.758
916.570	0.200	-2.124
916.580	0.200	-2.563
916.590	0.260	-2.563
916.600	0.260	-2.783
916.610	0.260	-3.369
916.620	0.300	-3.369
916.630	0.300	-3.735
916.640	0.300	-4.028
916.650	0.350	-4.028
916.660	0.350	-4.102
916.670	0.350	-4.321
916.680	0.390	-4.321
916.690	0.390	-4.468
916.700	0.390	-4.687
916.710	0.420	-4.687
916.720	0.420	-4.834
916.730	0.420	-4.907
916.740	0.450	-4.907
916.750	0.450	-5.054
916.760	0.450	-5.493
916.770	0.470	-5.493
916.780	0.470	-5.493
916.790	0.470	-5.786
916.800	0.490	-5.786
916.810	0.490	-6.079
916.820	0.490	-5.713
916.830	0.520	-5.713
916.840	0.520	-5.933
916.850	0.520	-6.299
916.860	0.540	-6.299
916.870	0.540	-6.226
916.880	0.540	-6.592
916.890	0.560	-6.592
916.900	0.560	-6.372
916.910	0.560	-6.166
916.920	0.570	-6.532
916.930	0.570	-6.605
916.940	0.570	-6.605
916.950	0.570	-6.825
916.960	0.570	-6.752
916.970	0.570	-6.605
916.980	0.560	-6.385
916.990	0.560	-6.532
917.000	0.560	-6.605
917.010	0.560	-6.665
917.020	0.560	-6.665
917.030	0.560	-6.738
917.040	0.550	-6.519
917.050	0.550	-6.152
917.060	0.550	-6.372
917.070	0.540	-6.445
917.080	0.540	-6.299
917.090	0.540	-6.299
917.100	0.520	-6.445
917.110	0.520	-6.226
917.120	0.520	-5.859
917.130	0.480	-5.713
917.140	0.480	-5.859
917.150	0.480	-5.786
917.160	0.440	-5.493
917.170	0.440	-5.347
917.180	0.440	-5.404
917.190	0.400	-5.204
917.200	0.400	-4.911
917.210	0.400	-4.764
917.220	0.360	-4.691
917.230	0.360	-4.471
917.240	0.360	-4.252
917.250	0.310	-4.179
917.260	0.310	-4.105
917.270	0.310	-3.959
917.280	0.270	-3.609
917.290	0.270	-3.369
917.300	0.270	-3.149
917.310	0.220	-3.149
917.320	0.220	-3.076
917.330	0.220	-3.076
917.340	0.160	-2.930
917.350	0.160	-2.637
917.360	0.160	-2.417
917.370	0.110	-2.197
917.380	0.110	-2.051
917.390	0.110	-1.758
917.400	0.030	-1.611
917.410	0.030	-1.318
917.420	0.030	-1.025
917.430	-0.010	-0.732
917.440	-0.010	-0.513
917.450	-0.010	-0.293
917.460	-0.060	-0.146
917.470	-0.060	0.000
917.480	-0.060	0.220
917.490	-0.120	0.293
917.500	-0.120	0.513
917.510	-0.120	0.732
917.520	-0.150	1.025
917.530	-0.150	1.245
917.540	-0.150	1.465
917.550	-0.200	1.611
917.560	-0.200	1.831
917.570	-0.200	1.978
917.580	-0.230	1.978
917.590	-0.230	2.197
917.600	-0.230	2.344
917.610	-0.270	2.490
917.620	-0.270	2.563
917.630	-0.270	2.637
917.640	-0.310	2.637
917.650	-0.310	2.710
917.660	-0.310	2.783
917.670	-0.340	2.856
917.680	-0.340	3.223
917.690	-0.340	3.442
917.700	-0.380	3.589
917.710	-0.380	3.589
917.720	-0.380	3.589
917.730	-0.420	3.735
917.740	-0.420	4.028
917.750	-0.420	4.248
917.760	-0.450	4.321
917.770	-0.450	4.395
917.780	-0.450	4.395
917.790	-0.480	4.614
917.800	-0.480	4.687
917.810	-0.480	4.834
917.820	-0.510	4.980
917.830	-0.510	5.200
917.840	-0.510	5.200
917.850	-0.540	5.127
917.860	-0.540	5.200
917.870	-0.540	5.566
917.880	-0.560	5.786
917.890	-0.560	5.566
917.900	-0.560	5.566
917.910	-0.580	5.786
917.920	-0.580	5.859
917.930	-0.580	5.640
917.940	-0.580	5.566
917.950	-0.580	5.786
917.960	-0.580	6.152
917.970	-0.570	5.933
917.980	-0.570	5.786
917.990	-0.570	6.006
918.000	-0.580	6.006
918.010	-0.580	5.713
918.020	-0.580	5.640
918.030	-0.580	5.933
918.040	-0.580	6.079
918.050	-0.580	5.933
918.060	-0.560	5.640
918.070	-0.560	5.786
918.080	-0.560	5.713
918.090	-0.530	5.420
918.100	-0.530	5.273
918.110	-0.530	5.273
918.120	-0.490	5.347
918.130	-0.490	5.200
918.140	-0.490	5.054
918.150	-0.470	4.907
918.160	-0.470	4.834
918.170	-0.470	4.614
918.180	-0.430	4.614
918.190	-0.430	4.468
918.200	-0.430	4.395
918.210	-0.380	4.175
918.220	-0.380	3.882
918.230	-0.380	3.516
918.240	-0.340	3.442
918.250	-0.340	3.442
918.260	-0.340	3.296
918.270	-0.290	3.076
918.280	-0.290	2.783
918.290	-0.290	2.710
918.300	-0.240	2.563
918.310	-0.240	2.490
918.320	-0.240	2.271
918.330	-0.190	2.197
918.340	-0.190	1.904
918.350	-0.190	1.611
918.360	-0.130	1.392
918.370	-0.130	1.172
918.380	-0.130	0.952
918.390	-0.070	0.732
918.400	-0.070	0.586
918.410	-0.070	0.366
918.420	-0.010	0.220
918.430	-0.010	0.000
918.440	-0.010	-0.220
918.450	0.050	-0.439
918.460	0.050	-0.659
918.470	0.050	-0.806
918.480	0.110	-1.025
918.490	0.110	-1.318
918.500	0.110	-1.611
918.510	0.170	-1.978
918.520	0.170	-2.197
918.530	0.170	-2.417
918.540	0.230	-2.563
918.550	0.230	-2.710
918.560	0.230	-2.783
918.570	0.280	-3.076
918.580	0.280	-3.369
918.590	0.280	-3.516
918.600	0.320	-3.589
918.610	0.320	-3.589
918.620	0.320	-3.809
918.630	0.360	-4.175
918.640	0.360	-4.395
918.650	0.360	-4.468
918.660	0.410	-4.687
918.670	0.410	-4.761
918.680	0.410	-4.907
918.690	0.450	-5.054
918.700	0.450	-5.200
918.710	0.450	-5.493
918.720	0.500	-5.713
918.730	0.500	-5.493
918.740	0.500	-5.493
918.750	0.530	-5.859
918.760	0.530	-6.152
918.770	0.530	-6.226
918.780	0.550	-6.226
918.790	0.550	-6.519
918.800	0.550	-6.592
918.810	0.570	-6.372
918.820	0.570	-6.372
918.830	0.570	-6.665
918.840	0.590	-6.812
918.850	0.590	-6.812
918.860	0.590	-6.958
918.870	0.600	-6.958
918.880	0.600	-6.885
918.890	0.600	-6.812
918.900	0.610	-6.958
918.910	0.610	-7.031
918.920	0.610	-7.251
918.930	0.620	-7.251
918.940	0.620	-7.178
918.950	0.620	-7.104
918.960	0.620	-7.104
918.970	0.620	-7.104
918.980	0.620	-7.251
918.990	0.610	-7.324
919.000	0.610	-7.178
919.010	0.610	-7.104
919.020	0.600	-7.031
919.030	0.600	-6.958
919.040	0.600	-6.958
919.050	0.590	-7.178
919.060	0.590	-7.031
919.070	0.590	-6.958
919.080	0.580	-6.812
919.090	0.580	-6.665
919.100	0.580	-6.665
919.110	0.560	-6.738
919.120	0.560	-6.445
919.130	0.560	-6.592
919.140	0.530	-6.592
919.150	0.530	-6.079
919.160	0.530	-5.859
919.170	0.490	-6.006
919.180	0.490	-5.933
919.190	0.490	-5.640
919.200	0.440	-5.566
919.210	0.440	-5.566
919.220	0.440	-5.566
919.230	0.400	-5.200
919.240	0.400	-4.907
919.250	0.400	-4.834
919.260	0.350	-4.687
919.270	0.350	-4.395
919.280	0.350	-4.321
919.290	0.300	-4.175
919.300	0.300	-3.955
919.310	0.300	-3.589
919.320	0.250	-3.223
919.330	0.250	-3.003
919.340	0.250	-2.930
919.350	0.190	-2.856
919.360	0.190	-2.710
919.370	0.190	-2.563
919.380	0.120	-2.271
919.390	0.120	-2.051
919.400	0.120	-1.831
919.410	0.040	-1.685
919.420	0.040	-1.465
919.430	0.040	-1.245
919.440	-0.010	-1.025
919.450	-0.010	-0.806
919.460	-0.010	-0.513
919.470	-0.070	-0.220
919.480	-0.070	0.073
919.490	-0.070	0.366
919.500	-0.130	0.659
919.510	-0.130	0.952
919.520	-0.130	1.099
919.530	-0.180	1.318
919.540	-0.180	1.538
919.550	-0.180	1.758
919.560	-0.230	1.831
919.570	-0.230	1.978
919.580	-0.230	2.124
919.590	-0.280	2.344
919.600	-0.280	2.490
919.610	-0.280	2.563
919.620	-0.310	2.710
919.630	-0.310	2.710
919.640	-0.310	2.783
919.650	-0.360	2.930
919.660	-0.360	3.369
919.670	-0.360	3.662
919.680	-0.390	3.809
919.690	-0.390	3.662
919.700	-0.390	3.735
919.710	-0.430	3.955
919.720	-0.430	4.248
919.730	-0.430	4.395
919.740	-0.470	4.541
919.750	-0.470	4.614
919.760	-0.470	4.687
919.770	-0.500	4.834
919.780	-0.500	4.834
919.790	-0.500	5.054
919.800	-0.540	5.273
919.810	-0.540	5.493
919.820	-0.540	5.347
919.830	-0.570	5.380
919.840	-0.570	5.600
919.850	-0.570	5.966
919.860	-0.580	5.893
919.870	-0.580	5.746
919.880	-0.580	6.039
919.890	-0.590	6.112
919.900	-0.590	5.966
919.910	-0.590	5.673
919.920	-0.590	6.112
919.930	-0.590	6.299
919.940	-0.590	6.226
919.950	-0.600	6.006
919.960	-0.600	6.152
919.970	-0.600	6.226
919.980	-0.600	5.933
919.990	-0.600	5.933
920.000	-0.600	6.299
920.010	-0.600	6.445
920.020	-0.600	6.079
920.030	-0.600	6.152
920.040	-0.600	6.299
920.050	-0.600	6.152
920.060	-0.600	5.933
920.070	-0.590	6.006
920.080	-0.590	6.299
920.090	-0.590	6.226
920.100	-0.570	5.859
920.110	-0.570	5.859
920.120	-0.570	5.933
920.130	-0.540	5.713
920.140	-0.540	5.347
920.150	-0.540	5.347
920.160	-0.510	5.493
920.170	-0.510	5.420
920.180	-0.510	5.127
920.190	-0.480	5.054
920.200	-0.480	4.907
920.210	-0.480	4.907
920.220	-0.450	4.761
920.230	-0.450	4.614
920.240	-0.450	4.541
920.250	-0.410	4.395
920.260	-0.410	3.955
920.270	-0.410	3.809
920.280	-0.360	3.735
920.290	-0.360	3.662
920.300	-0.360	3.516
920.310	-0.300	3.149
920.320	-0.300	2.856
920.330	-0.300	2.783
920.340	-0.230	2.563
920.350	-0.230	2.417
920.360	-0.230	2.271
920.370	-0.160	1.904
920.380	-0.160	1.611
920.390	-0.160	1.245
920.400	-0.090	1.025
920.410	-0.090	0.806
920.420	-0.090	0.586
920.430	-0.020	0.293
920.440	-0.020	0.146
920.450	-0.020	-0.146
920.460	0.060	-0.366
920.470	0.060	-0.586
920.480	0.060	-0.879
920.490	0.200	-1.172
920.500	0.200	-1.465
920.510	0.200	-1.904
920.520	0.200	-2.197
920.530	0.200	-2.417
920.540	0.200	-2.637
920.550	0.270	-2.783
920.560	0.270	-2.930
920.570	0.270	-3.296
920.580	0.320	-3.589
920.590	0.320	-3.735
920.600	0.320	-3.882
920.610	0.350	-3.882
920.620	0.350	-4.102
920.630	0.350	-4.395
920.640	0.390	-4.541
920.650	0.390	-4.614
920.660	0.390	-4.761
920.670	0.420	-4.907
920.680	0.420	-4.980
920.690	0.420	-5.054
920.700	0.460	-5.127
920.710	0.460	-5.420
920.720	0.460	-5.493
920.730	0.490	-5.420
920.740	0.490	-5.420
920.750	0.490	-5.786
920.760	0.520	-6.006
920.770	0.520	-5.933
920.780	0.520	-6.006
920.790	0.540	-6.372
920.800	0.540	-6.445
920.810	0.540	-6.226
920.820	0.560	-6.299
920.830	0.560	-6.519
920.840	0.560	-6.665
920.850	0.570	-6.592
920.860	0.570	-6.812
920.870	0.570	-6.812
920.880	0.590	-6.738
920.890	0.590	-6.665
920.900	0.590	-6.812
920.910	0.610	-6.958
920.920	0.610	-7.104
920.930	0.610	-7.104
920.940	0.620	-7.104
920.950	0.620	-7.031
920.960	0.620	-7.031
920.970	0.610	-7.104
920.980	0.610	-7.178
920.990	0.610	-7.251
921.000	0.600	-7.178
921.010	0.600	-7.031
921.020	0.600	-6.812
921.030	0.590	-6.885
921.040	0.590	-6.885
921.050	0.590	-6.958
921.060	0.570	-6.958
921.070	0.570	-6.950
921.080	0.570	-6.803
921.090	0.560	-6.457
921.100	0.560	-6.530
921.110	0.560	-6.530
921.120	0.530	-6.457
921.130	0.530	-6.384
921.140	0.530	-6.530
921.150	0.500	-6.271
921.160	0.500	-5.831
921.170	0.500	-5.620
921.180	0.460	-5.766
921.190	0.460	-5.803
921.200	0.460	-5.510
921.210	0.410	-5.330
921.220	0.410	-5.257
921.230	0.410	-5.111
921.240	0.360	-4.744
921.250	0.360	-4.670
921.260	0.360	-4.524
921.270	0.300	-4.284
921.280	0.300	-3.918
921.290	0.300	-3.641
921.300	0.240	-3.568
921.310	0.240	-3.479
921.320	0.240	-3.186
921.330	0.180	-2.800
921.340	0.180	-2.580
921.350	0.180	-2.401
921.360	0.120	-2.182
921.370	0.120	-2.128
921.380	0.120	-1.909
921.390	0.070	-1.616
921.400	0.070	-1.331
921.410	0.070	-1.087
921.420	0.010	-0.934
921.430	0.010	-0.734
921.440	0.010	-0.587
921.450	-0.040	-0.441
921.460	-0.040	-0.286
921.470	-0.040	-0.067
921.480	-0.080	0.073
921.490	-0.080	0.146
921.500	-0.080	0.374
921.510	-0.120	0.448
921.520	-0.120	0.661
921.530	-0.120	0.807
921.540	-0.170	1.027
921.550	-0.170	1.271
921.560	-0.170	1.409
921.570	-0.210	1.669
921.580	-0.210	1.822
921.590	-0.210	1.969
921.600	-0.260	2.042
921.610	-0.260	2.213
921.620	-0.260	2.433
921.630	-0.300	2.433
921.640	-0.300	2.652
921.650	-0.300	3.141
921.660	-0.410	3.141
921.670	-0.410	3.174
921.680	-0.410	3.540
921.690	-0.390	3.540
921.700	-0.390	3.833
921.710	-0.390	4.248
921.720	-0.430	4.248
921.730	-0.430	4.321
921.740	-0.430	4.468
921.750	-0.470	4.468
921.760	-0.470	4.614
921.770	-0.470	4.834
921.780	-0.510	4.834
921.790	-0.510	4.980
921.800	-0.510	5.054
921.810	-0.530	5.054
921.820	-0.530	5.127
921.830	-0.530	5.713
921.840	-0.560	5.713
921.850	-0.560	5.566
921.860	-0.560	5.713
921.870	-0.580	5.713
921.880	-0.580	5.933
921.890	-0.580	5.713
921.900	-0.590	5.713
921.910	-0.590	5.933
921.920	-0.590	6.226
921.930	-0.600	6.226
921.940	-0.600	6.006
921.950	-0.600	6.226
921.960	-0.610	6.226
921.970	-0.610	6.079
921.980	-0.610	6.299
921.990	-0.610	6.299
922.000	-0.610	6.445
922.010	-0.610	6.079
922.020	-0.610	6.079
922.030	-0.610	6.299
922.040	-0.610	5.933
922.050	-0.580	5.933
922.060	-0.580	5.859
922.070	-0.580	6.152
922.080	-0.560	6.152
922.090	-0.560	5.713
922.100	-0.560	5.713
922.110	-0.540	5.713
922.120	-0.540	5.640
922.130	-0.540	5.200
922.140	-0.520	5.200
922.150	-0.520	5.273
922.160	-0.520	5.200
922.170	-0.490	5.200
922.180	-0.490	5.054
922.190	-0.490	4.907
922.200	-0.460	4.907
922.210	-0.460	4.761
922.220	-0.460	4.541
922.230	-0.420	4.541
922.240	-0.420	4.395
922.250	-0.420	3.809
922.260	-0.380	3.809
922.270	-0.380	3.662
922.280	-0.380	3.516
922.290	-0.330	3.516
922.300	-0.330	3.369
922.310	-0.330	2.856
922.320	-0.270	2.856
922.330	-0.270	2.637
922.340	-0.270	2.344
922.350	-0.200	2.344
922.360	-0.200	2.124
922.370	-0.200	1.538
922.380	-0.140	1.538
922.390	-0.140	1.245
922.400	-0.140	0.732
922.410	-0.060	0.732
922.420	-0.060	0.586
922.430	-0.060	0.146
922.440	0.000	0.146
922.450	0.000	-0.073
922.460	0.000	-0.513
922.470	0.070	-0.513
922.480	0.070	-0.732
922.490	0.070	-0.952
922.500	0.140	-1.172
922.510	0.140	-1.538
922.520	0.140	-1.978
922.530	0.200	-2.237
922.540	0.200	-2.457
922.550	0.200	-2.530
922.560	0.260	-2.750
922.570	0.260	-2.856
922.580	0.260	-3.149
922.590	0.300	-3.395
922.600	0.300	-3.664
922.610	0.300	-3.664
922.620	0.340	-3.624
922.630	0.340	-3.803
922.640	0.340	-4.170
922.650	0.380	-4.389
922.660	0.380	-4.503
922.670	0.380	-4.544
922.680	0.410	-4.637
922.690	0.410	-4.830
922.700	0.410	-4.781
922.710	0.430	-4.855
922.720	0.430	-5.106
922.730	0.430	-5.399
922.740	0.460	-5.206
922.750	0.460	-5.206
922.760	0.460	-5.312
922.770	0.490	-5.751
922.780	0.490	-5.870
922.790	0.490	-5.723
922.800	0.520	-6.016
922.810	0.520	-6.309
922.820	0.520	-6.171
922.830	0.550	-5.878
922.840	0.550	-6.307
922.850	0.550	-6.527
922.860	0.560	-6.547
922.870	0.560	-6.400
922.880	0.560	-6.628
922.890	0.570	-6.628
922.900	0.570	-6.465
922.910	0.570	-6.539
922.920	0.570	-6.625
922.930	0.570	-6.698
922.940	0.570	-6.536
922.950	0.570	-6.755
922.960	0.570	-6.874
922.970	0.570	-6.727
922.980	0.570	-6.514
922.990	0.570	-6.661
923.000	0.570	-6.677
923.010	0.570	-6.604
923.020	0.570	-6.900
923.030	0.570	-6.900
923.040	0.560	-6.567
923.050	0.560	-6.347
923.060	0.560	-6.428
923.070	0.530	-6.428
923.080	0.530	-6.414
923.090	0.530	-6.487
923.100	0.500	-6.500
923.110	0.500	-6.134
923.120	0.500	-5.678
923.130	0.470	-5.605
923.140	0.470	-5.938
923.150	0.470	-5.718
923.160	0.430	-5.452
923.170	0.430	-5.305
923.180	0.430	-5.313
923.190	0.400	-5.094
923.200	0.400	-4.983
923.210	0.400	-4.909
923.220	0.370	-4.736
923.230	0.370	-4.590
923.240	0.370	-4.297
923.250	0.320	-4.297
923.260	0.320	-4.156
923.270	0.320	-4.083
923.280	0.270	-3.690
923.290	0.270	-3.397
923.300	0.270	-3.202
923.310	0.210	-3.129
923.320	0.210	-3.188
923.330	0.210	-3.041
923.340	0.150	-2.802
923.350	0.150	-2.435
923.360	0.150	-2.256
923.370	0.080	-2.037
923.380	0.080	-1.770
923.390	0.080	-1.551
923.400	0.000	-1.258
923.410	0.000	-1.038
923.420	0.000	-0.639
923.430	-0.070	-0.346
923.440	-0.070	0.016
923.450	-0.070	0.236
923.460	-0.130	0.529
923.470	-0.130	0.895
923.480	-0.130	1.408
923.490	-0.180	1.408
923.500	-0.180	1.628
923.510	-0.180	1.994
923.520	-0.240	1.994
923.530	-0.240	2.140
923.540	-0.240	2.490
923.550	-0.280	2.490
923.560	-0.280	2.783
923.570	-0.280	2.856
923.580	-0.330	2.856
923.590	-0.330	2.856
923.600	-0.330	3.076
923.610	-0.370	3.076
923.620	-0.370	3.369
923.630	-0.370	3.769
923.640	-0.410	3.769
923.650	-0.410	3.809
923.660	-0.410	4.029
923.670	-0.440	4.029
923.680	-0.440	4.322
923.690	-0.440	4.542
923.700	-0.470	4.542
923.710	-0.470	4.542
923.720	-0.470	4.695
923.730	-0.500	4.841
923.740	-0.500	5.012
923.750	-0.500	5.430
923.760	-0.540	5.430
923.770	-0.540	5.504
923.780	-0.540	5.504
923.790	-0.580	5.504
923.800	-0.580	5.943
923.810	-0.580	6.309
923.820	-0.610	6.109
923.830	-0.610	6.109
923.840	-0.610	6.272
923.850	-0.630	6.325
923.860	-0.630	6.163
923.870	-0.630	6.382
923.880	-0.640	6.669
923.890	-0.640	6.815
923.900	-0.640	6.595
923.910	-0.660	6.669
923.920	-0.660	6.772
923.930	-0.660	6.772
923.940	-0.670	6.905
923.950	-0.670	6.979
923.960	-0.670	6.995
923.970	-0.680	6.995
923.980	-0.680	6.928
923.990	-0.680	6.855
924.000	-0.680	6.862
924.010	-0.680	6.935
924.020	-0.680	7.025
924.030	-0.670	6.951
924.040	-0.670	7.062
924.050	-0.670	6.989
924.060	-0.660	6.869
924.070	-0.660	6.723
924.080	-0.660	6.796
924.090	-0.640	6.869
924.100	-0.640	6.773
924.110	-0.640	6.627
924.120	-0.610	6.567
924.130	-0.610	6.420
924.140	-0.610	6.111
924.150	-0.580	6.111
924.160	-0.580	6.377
924.170	-0.580	5.865
924.180	-0.560	5.865
924.190	-0.560	5.881
924.200	-0.560	5.881
924.210	-0.540	5.548
924.220	-0.540	5.315
924.230	-0.540	5.242
924.240	-0.480	5.315
924.250	-0.480	5.087
924.260	-0.480	4.721
924.270	-0.430	4.648
924.280	-0.430	4.428
924.290	-0.430	4.208
924.300	-0.380	3.988
924.310	-0.380	3.955
924.320	-0.380	3.735
924.330	-0.320	3.589
924.340	-0.320	3.223
924.350	-0.320	2.710
924.360	-0.180	2.490
924.370	-0.180	2.197
924.380	-0.180	1.904
924.390	-0.140	1.611
924.400	-0.140	1.245
924.410	-0.140	0.879
924.420	-0.070	0.732
924.430	-0.070	0.513
924.440	-0.070	0.366
924.450	0.000	0.220
924.460	0.000	0.000
924.470	0.000	-0.220
924.480	0.060	-0.366
924.490	0.060	-0.586
924.500	0.060	-0.806
924.510	0.130	-1.172
924.520	0.130	-1.465
924.530	0.130	-1.685
924.540	0.180	-1.978
924.550	0.180	-2.124
924.560	0.180	-2.344
924.570	0.230	-2.563
924.580	0.230	-2.783
924.590	0.230	-3.149
924.600	0.270	-3.296
924.610	0.270	-3.296
924.620	0.270	-3.296
924.630	0.310	-3.369
924.640	0.310	-3.516
924.650	0.310	-3.882
924.660	0.340	-4.028
924.670	0.340	-4.028
924.680	0.340	-4.102
924.690	0.380	-4.175
924.700	0.380	-4.468
924.710	0.380	-4.614
924.720	0.410	-4.687
924.730	0.410	-4.761
924.740	0.410	-4.980
924.750	0.430	-4.980
924.760	0.430	-5.176
924.770	0.430	-5.176
924.780	0.460	-5.336
924.790	0.460	-5.482
924.800	0.460	-5.262
924.810	0.480	-5.262
924.820	0.480	-5.482
924.830	0.480	-5.775
924.840	0.500	-5.702
924.850	0.500	-5.702
924.860	0.500	-6.019
924.870	0.520	-6.166
924.880	0.520	-6.079
924.890	0.520	-5.859
924.900	0.540	-6.226
924.910	0.540	-6.299
924.920	0.540	-6.226
924.930	0.540	-6.299
924.940	0.540	-6.519
924.950	0.540	-6.445
924.960	0.540	-6.152
924.970	0.540	-6.079
924.980	0.540	-6.299
924.990	0.530	-6.372
925.000	0.530	-6.079
925.010	0.530	-6.299
925.020	0.520	-6.445
925.030	0.520	-6.226
925.040	0.520	-5.859
925.050	0.510	-6.006
925.060	0.510	-6.226
925.070	0.510	-6.079
925.080	0.490	-5.813
925.090	0.490	-5.886
925.100	0.490	-6.106
925.110	0.460	-5.666
925.120	0.460	-5.414
925.130	0.460	-5.341
925.140	0.420	-5.434
925.150	0.420	-5.287
925.160	0.420	-4.921
925.170	0.380	-4.848
925.180	0.380	-4.870
925.190	0.380	-4.724
925.200	0.340	-4.457
925.210	0.340	-4.384
925.220	0.340	-4.075
925.230	0.280	-4.075
925.240	0.280	-3.762
925.250	0.280	-3.323
925.260	0.230	-3.323
925.270	0.230	-3.176
925.280	0.230	-2.688
925.290	0.170	-2.688
925.300	0.170	-2.368
925.310	0.170	-2.075
925.320	0.110	-2.075
925.330	0.110	-1.904
925.340	0.110	-1.611
925.350	0.060	-1.611
925.360	0.060	-1.392
925.370	0.060	-0.879
925.380	0.000	-0.879
925.390	0.000	-0.659
925.400	0.000	-0.220
925.410	-0.070	-0.220
925.420	-0.070	-0.073
925.430	-0.070	0.366
925.440	-0.120	0.366
925.450	-0.120	0.586
925.460	-0.120	1.025
925.470	-0.160	1.025
925.480	-0.160	1.245
925.490	-0.160	1.378
925.500	-0.200	1.598
925.510	-0.200	1.769
925.520	-0.200	1.842
925.530	-0.240	1.895
925.540	-0.240	1.969
925.550	-0.240	2.115
925.560	-0.290	2.335
925.570	-0.290	2.612
925.580	-0.290	2.758
925.590	-0.340	2.958
925.600	-0.340	3.104
925.610	-0.340	3.226
