% Time (s)	Gyro Output (rads/s)	Input Rate (RPM)	%3/17/202011:41 AM
0.000	0.000	0.000
859.280	-0.040	0.000
859.290	-0.040	0.000
859.300	-0.040	0.000
859.310	-0.040	0.000
859.320	-0.040	0.000
859.330	-0.040	0.000
859.340	-0.040	0.000
859.350	-0.040	0.000
859.360	-0.040	0.000
859.370	-0.040	0.000
859.380	-0.040	0.000
859.390	-0.040	0.000
859.400	-0.040	0.000
859.410	-0.040	0.000
859.420	-0.040	0.000
859.430	-0.040	0.000
859.440	-0.040	0.000
859.450	-0.040	0.000
859.460	-0.040	0.000
859.470	-0.040	0.000
859.480	-0.040	0.000
859.490	-0.040	0.000
859.500	-0.040	0.000
859.510	-0.040	0.000
859.520	-0.040	0.000
859.530	-0.040	0.000
859.540	-0.040	0.000
859.550	-0.040	0.000
859.560	-0.040	0.000
859.570	-0.040	0.000
859.580	-0.040	0.000
859.590	-0.040	0.000
859.600	-0.040	0.000
859.610	-0.040	0.000
859.620	-0.040	0.000
859.630	-0.040	0.000
859.640	-0.040	0.000
859.650	-0.040	0.000
859.660	-0.040	0.000
859.670	-0.040	0.000
859.680	-0.040	0.000
859.690	-0.040	0.000
859.700	-0.040	0.000
859.710	-0.040	0.000
859.720	-0.040	0.000
859.730	-0.040	-0.073
859.740	-0.020	-0.073
859.750	-0.020	-0.146
859.760	-0.020	-0.220
859.770	0.010	-0.293
859.780	0.010	-0.374
859.790	0.010	-0.594
859.800	0.070	-0.794
859.810	0.070	-1.087
859.820	0.070	-1.453
859.830	0.160	-1.673
859.840	0.160	-1.998
859.850	0.160	-2.438
859.860	0.270	-2.438
859.870	0.270	-2.877
859.880	0.270	-3.601
859.890	0.310	-3.601
859.900	0.310	-3.768
859.910	0.310	-4.061
859.920	0.380	-4.061
859.930	0.380	-4.500
859.940	0.380	-5.127
859.950	0.500	-5.127
859.960	0.500	-5.786
859.970	0.500	-6.226
859.980	0.630	-6.226
859.990	0.630	-6.958
860.000	0.630	-8.496
860.010	0.880	-8.496
860.020	0.880	-9.009
860.030	0.880	-10.400
860.040	1.050	-10.400
860.050	1.050	-11.133
860.060	1.050	-12.305
860.070	1.220	-12.305
860.080	1.220	-13.257
860.090	1.220	-14.355
860.100	1.380	-14.355
860.110	1.380	-14.722
860.120	1.380	-16.113
860.130	1.530	-16.113
860.140	1.530	-16.479
860.150	1.530	-17.432
860.160	1.630	-17.432
860.170	1.630	-18.164
860.180	1.630	-18.970
860.190	1.760	-18.970
860.200	1.760	-19.629
860.210	1.760	-20.288
860.220	1.870	-20.288
860.230	1.870	-20.361
860.240	1.870	-21.167
860.250	1.940	-21.167
860.260	1.940	-21.753
860.270	1.940	-21.826
860.280	2.000	-21.826
860.290	2.000	-22.192
860.300	2.000	-22.632
860.310	2.070	-22.632
860.320	2.070	-22.778
860.330	2.070	-23.364
860.340	2.110	-23.364
860.350	2.110	-23.511
860.360	2.110	-23.730
860.370	2.150	-23.730
860.380	2.150	-24.097
860.390	2.150	-24.170
860.400	2.150	-24.170
860.410	2.150	-24.023
860.420	2.150	-23.950
860.430	2.100	-23.950
860.440	2.100	-23.950
860.450	2.100	-23.804
860.460	2.080	-23.804
860.470	2.080	-23.584
860.480	2.080	-23.291
860.490	2.040	-23.291
860.500	2.040	-23.071
860.510	2.040	-22.778
860.520	2.030	-22.778
860.530	2.030	-22.852
860.540	2.030	-22.705
860.550	2.020	-22.778
860.560	2.020	-22.485
860.570	2.020	-22.632
860.580	2.040	-22.559
860.590	2.040	-22.957
860.600	2.040	-22.738
860.610	2.010	-22.744
860.620	2.010	-22.451
860.630	2.010	-22.451
860.640	1.890	-22.012
860.650	1.890	-22.093
860.660	1.890	-21.507
860.670	1.750	-21.035
860.680	1.750	-20.668
860.690	1.750	-19.903
860.700	1.630	-19.610
860.710	1.630	-19.189
860.720	1.630	-18.896
860.730	1.530	-18.430
860.740	1.530	-17.282
860.750	1.530	-17.282
860.760	1.440	-17.196
860.770	1.440	-16.570
860.780	1.440	-16.130
860.790	1.310	-15.764
860.800	1.310	-15.178
860.810	1.310	-14.568
860.820	1.150	-13.982
860.830	1.150	-13.203
860.840	1.150	-13.056
860.850	0.920	-11.925
860.860	0.920	-11.060
860.870	0.920	-10.693
860.880	0.670	-9.621
860.890	0.670	-8.669
860.900	0.670	-7.864
860.910	0.440	-7.204
860.920	0.440	-6.358
860.930	0.440	-5.552
860.940	0.190	-4.520
860.950	0.190	-3.861
860.960	0.190	-2.982
860.970	-0.060	-1.810
860.980	-0.060	-0.856
860.990	-0.060	0.902
861.000	-0.300	1.927
861.010	-0.300	1.927
861.020	-0.300	3.132
861.030	-0.530	3.877
861.040	-0.530	4.758
861.050	-0.530	6.868
861.060	-0.790	6.868
861.070	-0.790	7.820
861.080	-0.790	9.675
861.090	-1.130	9.675
861.100	-1.130	10.920
861.110	-1.130	12.678
861.120	-1.390	12.678
861.130	-1.390	15.074
861.140	-1.390	15.074
861.150	-1.670	15.873
861.160	-1.670	16.646
861.170	-1.670	17.598
861.180	-1.900	18.623
861.190	-1.900	19.429
861.200	-1.900	19.942
861.210	-2.090	21.260
861.220	-2.090	21.626
861.230	-2.090	22.432
861.240	-2.240	22.945
861.250	-2.240	23.584
861.260	-2.240	24.894
861.270	-2.360	24.894
861.280	-2.360	25.407
861.290	-2.360	25.993
861.300	-2.420	25.993
861.310	-2.420	25.993
861.320	-2.420	26.506
861.330	-2.460	26.799
861.340	-2.460	26.799
861.350	-2.460	26.872
861.360	-2.490	27.100
861.370	-2.490	27.319
861.380	-2.490	27.539
861.390	-2.550	27.539
861.400	-2.550	27.612
861.410	-2.550	27.905
861.420	-2.610	27.905
861.430	-2.610	28.271
861.440	-2.610	28.638
861.450	-2.680	28.638
861.460	-2.680	29.077
861.470	-2.680	29.004
861.480	-2.730	29.077
861.490	-2.730	29.224
861.500	-2.730	29.663
861.510	-2.760	29.750
861.520	-2.760	29.383
861.530	-2.760	29.823
861.540	-2.790	30.043
861.550	-2.790	30.214
861.560	-2.790	30.506
861.570	-2.840	30.433
861.580	-2.840	30.360
861.590	-2.840	30.946
861.600	-2.890	30.726
861.610	-2.890	31.185
861.620	-2.890	31.917
861.630	-2.900	31.338
861.640	-2.900	31.118
861.650	-2.900	31.387
861.660	-2.880	31.094
861.670	-2.880	31.257
861.680	-2.880	31.696
861.690	-2.840	31.117
861.700	-2.840	30.751
861.710	-2.840	30.572
861.720	-2.780	30.132
861.730	-2.780	30.443
861.740	-2.780	30.516
861.750	-2.720	29.604
861.760	-2.720	29.677
861.770	-2.720	29.295
861.780	-2.640	28.782
861.790	-2.640	28.849
861.800	-2.640	28.556
861.810	-2.500	27.943
861.820	-2.500	27.211
861.830	-2.500	26.600
861.840	-2.310	25.941
861.850	-2.310	26.178
861.860	-2.310	25.152
861.870	-2.150	24.573
861.880	-2.150	23.767
861.890	-2.150	22.815
861.900	-1.950	22.815
861.910	-1.950	22.183
861.920	-1.950	20.864
861.930	-1.820	20.864
861.940	-1.820	20.645
861.950	-1.820	18.830
861.960	-1.670	18.830
861.970	-1.670	18.457
861.980	-1.670	16.992
861.990	-1.510	16.992
862.000	-1.510	16.406
862.010	-1.510	15.308
862.020	-1.320	15.308
862.030	-1.320	14.355
862.040	-1.320	12.524
862.050	-1.060	12.524
862.060	-1.060	11.938
862.070	-1.060	9.741
862.080	-0.740	9.741
862.090	-0.740	8.936
862.100	-0.740	6.372
862.110	-0.390	6.372
862.120	-0.390	5.054
862.130	-0.390	2.637
862.140	-0.020	2.637
862.150	-0.020	1.465
862.160	-0.020	-1.318
862.170	0.360	-1.318
862.180	0.360	-2.563
862.190	0.360	-4.980
862.200	0.720	-4.980
862.210	0.720	-6.299
862.220	0.720	-8.862
862.230	0.960	-8.862
862.240	0.960	-9.741
862.250	0.960	-11.938
862.260	1.220	-11.938
862.270	1.220	-12.744
862.280	1.220	-13.603
862.290	1.480	-14.482
862.300	1.480	-15.654
862.310	1.480	-16.606
862.320	1.740	-17.631
862.330	1.740	-18.510
862.340	1.740	-19.536
862.350	2.010	-20.634
862.360	2.010	-21.220
862.370	2.010	-22.392
862.380	2.280	-23.511
862.390	2.280	-24.097
862.400	2.280	-25.342
862.410	2.490	-25.928
862.420	2.490	-26.514
862.430	2.490	-27.100
862.440	2.620	-28.052
862.450	2.620	-28.271
862.460	2.620	-28.857
862.470	2.710	-29.590
862.480	2.710	-29.810
862.490	2.710	-30.176
862.500	2.800	-30.469
862.510	2.800	-30.835
862.520	2.800	-31.421
862.530	2.920	-31.714
862.540	2.920	-31.787
862.550	2.920	-32.520
862.560	3.020	-32.886
862.570	3.020	-32.959
862.580	3.020	-33.325
862.590	3.080	-34.131
862.600	3.080	-33.691
862.610	3.080	-34.204
862.620	3.110	-34.277
862.630	3.110	-34.920
862.640	3.110	-34.920
862.650	3.110	-34.983
862.660	3.110	-34.837
862.670	3.110	-34.837
862.680	3.060	-34.837
862.690	3.060	-34.177
862.700	3.060	-33.884
862.710	2.950	-33.884
862.720	2.950	-33.445
862.730	2.950	-32.363
862.740	2.780	-32.363
862.750	2.780	-32.096
862.760	2.780	-30.469
862.770	2.590	-30.469
862.780	2.590	-30.176
862.790	2.590	-28.784
862.800	2.470	-28.784
862.810	2.470	-28.564
862.820	2.470	-28.052
862.830	2.450	-28.052
862.840	2.450	-27.979
862.850	2.450	-27.759
862.860	2.490	-27.759
862.870	2.490	-27.832
862.880	2.490	-28.052
862.890	2.510	-28.052
862.900	2.510	-28.125
862.910	2.510	-28.198
862.920	2.530	-28.198
862.930	2.530	-28.271
862.940	2.530	-28.271
862.950	2.520	-28.271
862.960	2.520	-28.271
862.970	2.520	-28.125
862.980	2.480	-28.045
862.990	2.480	-28.029
863.000	2.480	-28.102
863.010	2.470	-27.782
863.020	2.470	-27.848
863.030	2.470	-27.555
863.040	2.420	-27.381
863.050	2.420	-27.308
863.060	2.420	-27.089
863.070	2.340	-27.089
863.080	2.340	-26.778
863.090	2.340	-26.648
863.100	2.300	-26.188
863.110	2.300	-26.215
863.120	2.300	-26.003
863.130	2.260	-25.875
863.140	2.260	-25.875
863.150	2.260	-25.363
863.160	2.180	-25.409
863.170	2.180	-24.603
863.180	2.180	-24.335
863.190	2.070	-23.749
863.200	2.070	-23.696
863.210	2.070	-23.256
863.220	1.960	-22.744
863.230	1.960	-22.833
863.240	1.960	-21.962
863.250	1.830	-21.689
863.260	1.830	-20.837
863.270	1.830	-20.691
863.280	1.650	-20.178
863.290	1.650	-19.738
863.300	1.650	-19.006
863.310	1.490	-18.567
863.320	1.490	-17.907
863.330	1.490	-16.866
863.340	1.300	-16.353
863.350	1.300	-15.308
863.360	1.300	-15.015
863.370	1.080	-14.282
863.380	1.080	-13.477
863.390	1.080	-12.451
863.400	0.870	-11.426
863.410	0.870	-10.474
863.420	0.870	-9.521
863.430	0.530	-8.496
863.440	0.530	-7.251
863.450	0.530	-6.372
863.460	0.230	-5.127
863.470	0.230	-4.102
863.480	0.230	-2.856
863.490	-0.050	-2.124
863.500	-0.050	-1.245
863.510	-0.050	-0.073
863.520	-0.290	1.025
863.530	-0.290	1.831
863.540	-0.290	2.563
863.550	-0.540	3.442
863.560	-0.540	4.468
863.570	-0.540	5.273
863.580	-0.760	6.372
863.590	-0.760	7.104
863.600	-0.760	8.276
863.610	-1.020	9.082
863.620	-1.020	10.034
863.630	-1.020	11.279
863.640	-1.380	12.598
863.650	-1.380	13.477
863.660	-1.380	16.091
863.670	-1.770	16.091
863.680	-1.770	17.450
863.690	-1.770	19.867
863.700	-2.030	19.867
863.710	-2.030	20.893
863.720	-2.030	21.991
863.730	-2.230	22.497
863.740	-2.230	23.449
863.750	-2.230	24.255
863.760	-2.370	24.743
863.770	-2.370	25.823
863.780	-2.370	25.856
863.790	-2.540	26.382
863.800	-2.540	26.895
863.810	-2.540	27.554
863.820	-2.680	27.920
863.830	-2.680	28.993
863.840	-2.680	29.359
863.850	-2.770	29.665
863.860	-2.770	29.991
863.870	-2.770	30.276
863.880	-2.840	30.569
863.890	-2.840	30.775
863.900	-2.840	31.141
863.910	-2.900	31.361
863.920	-2.900	31.939
863.930	-2.900	31.678
863.940	-2.940	31.658
863.950	-2.940	32.085
863.960	-2.940	31.832
863.970	-2.960	31.979
863.980	-2.960	32.548
863.990	-2.960	32.548
864.000	-2.950	32.508
864.010	-2.950	32.362
864.020	-2.950	31.711
864.030	-2.950	32.150
864.040	-2.950	32.520
864.050	-2.950	32.520
864.060	-2.990	32.647
864.070	-2.990	32.427
864.080	-2.990	32.370
864.090	-3.010	32.370
864.100	-3.010	32.947
864.110	-3.010	32.934
864.120	-3.040	33.227
864.130	-3.040	33.227
864.140	-3.040	33.097
864.150	-3.100	33.390
864.160	-3.100	33.678
864.170	-3.100	34.191
864.180	-3.140	33.878
864.190	-3.140	34.391
864.200	-3.140	33.853
864.210	-3.210	34.599
864.220	-3.210	35.283
864.230	-3.210	35.502
864.240	-3.320	35.463
864.250	-3.320	35.609
864.260	-3.320	36.073
864.270	-3.390	35.926
864.280	-3.390	37.029
864.290	-3.390	37.468
864.300	-3.430	37.468
864.310	-3.430	37.395
864.320	-3.430	37.004
864.330	-3.410	37.004
864.340	-3.410	37.044
864.350	-3.410	36.532
864.360	-3.300	36.532
864.370	-3.300	36.385
864.380	-3.300	35.376
864.390	-3.170	35.376
864.400	-3.170	34.863
864.410	-3.170	33.984
864.420	-3.040	33.984
864.430	-3.040	33.325
864.440	-3.040	32.080
864.450	-2.880	32.080
864.460	-2.880	31.641
864.470	-2.880	30.249
864.480	-2.640	30.249
864.490	-2.640	29.443
864.500	-2.640	27.905
864.510	-2.380	26.880
864.520	-2.380	26.001
864.530	-2.380	25.488
864.540	-2.190	25.488
864.550	-2.190	24.683
864.560	-2.190	23.145
864.570	-2.030	23.145
864.580	-2.030	22.339
864.590	-2.030	21.240
864.600	-1.930	21.240
864.610	-1.930	21.094
864.620	-1.930	20.142
864.630	-1.810	20.142
864.640	-1.810	19.629
864.650	-1.810	18.750
864.660	-1.690	18.750
864.670	-1.690	18.164
864.680	-1.690	17.285
864.690	-1.510	16.626
864.700	-1.510	15.820
864.710	-1.510	14.722
864.720	-1.240	14.722
864.730	-1.240	14.136
864.740	-1.240	13.104
864.750	-0.940	12.005
864.760	-0.940	10.833
864.770	-0.940	9.881
864.780	-0.580	8.709
864.790	-0.580	7.244
864.800	-0.580	6.146
864.810	-0.200	4.827
864.820	-0.200	3.948
864.830	-0.200	2.630
864.840	0.030	1.538
864.850	0.030	0.439
864.860	0.030	-0.586
864.870	0.250	-1.611
864.880	0.250	-2.637
864.890	0.250	-3.662
864.900	0.530	-4.468
864.910	0.530	-5.347
864.920	0.530	-6.445
864.930	0.810	-7.617
864.940	0.810	-8.708
864.950	0.810	-9.660
864.960	1.140	-10.619
864.970	1.140	-11.717
864.980	1.140	-12.816
864.990	1.430	-13.841
865.000	1.430	-14.899
865.010	1.430	-16.071
865.020	1.690	-16.897
865.030	1.690	-17.849
865.040	1.690	-18.809
865.050	2.020	-19.835
865.060	2.020	-21.285
865.070	2.020	-22.676
865.080	2.320	-23.375
865.090	2.320	-24.181
865.100	2.320	-25.247
865.110	2.580	-26.346
865.120	2.580	-27.929
865.130	2.580	-28.588
865.140	2.760	-29.507
865.150	2.760	-30.239
865.160	2.760	-31.126
865.170	3.000	-31.346
865.180	3.000	-32.885
865.190	3.000	-33.431
865.200	3.220	-34.456
865.210	3.220	-35.213
865.220	3.220	-35.368
865.230	3.340	-35.960
865.240	3.340	-36.360
865.250	3.340	-37.166
865.260	3.420	-37.239
865.270	3.420	-37.678
865.280	3.420	-37.638
865.290	3.490	-38.117
865.300	3.490	-38.117
865.310	3.490	-38.239
865.320	3.480	-38.166
865.330	3.480	-38.721
865.340	3.480	-38.867
865.350	3.420	-38.301
865.360	3.420	-38.448
865.370	3.420	-38.301
865.380	3.350	-38.008
865.390	3.350	-38.269
865.400	3.350	-38.049
865.410	3.330	-37.749
865.420	3.330	-37.530
865.430	3.330	-37.188
865.440	3.360	-37.188
865.450	3.360	-37.794
865.460	3.360	-37.868
865.470	3.380	-37.814
865.480	3.380	-37.595
865.490	3.380	-37.334
865.500	3.360	-37.261
865.510	3.360	-37.927
865.520	3.360	-37.927
865.530	3.300	-37.514
865.540	3.300	-37.001
865.550	3.300	-36.594
865.560	3.180	-35.789
865.570	3.180	-36.070
865.580	3.180	-35.704
865.590	2.960	-35.025
865.600	2.960	-34.365
865.610	2.960	-32.974
865.620	2.790	-32.461
865.630	2.790	-32.068
865.640	2.790	-31.775
865.650	2.630	-30.823
865.660	2.630	-30.693
865.670	2.630	-29.806
865.680	2.510	-29.320
865.690	2.510	-28.974
865.700	2.510	-28.461
865.710	2.410	-28.168
865.720	2.410	-27.924
865.730	2.410	-27.558
865.740	2.340	-26.952
865.750	2.340	-26.659
865.760	2.340	-26.276
865.770	2.250	-25.837
865.780	2.250	-25.940
865.790	2.250	-25.354
865.800	2.140	-25.354
865.810	2.140	-24.622
865.820	2.140	-24.134
865.830	1.980	-23.474
865.840	1.980	-23.201
865.850	1.980	-22.909
865.860	1.840	-21.996
865.870	1.840	-21.703
865.880	1.840	-20.475
865.890	1.720	-20.182
865.900	1.720	-19.880
865.910	1.720	-19.587
865.920	1.580	-19.055
865.930	1.580	-18.469
865.940	1.580	-17.956
865.950	1.430	-17.297
865.960	1.430	-17.045
865.970	1.430	-16.167
865.980	1.210	-15.694
865.990	1.210	-15.181
866.000	1.210	-13.391
866.010	1.020	-13.391
866.020	1.020	-12.752
866.030	1.020	-12.239
866.040	0.880	-11.693
866.050	0.880	-10.887
866.060	0.880	-10.000
866.070	0.740	-9.325
866.080	0.740	-9.325
866.090	0.740	-8.267
866.100	0.610	-7.828
866.110	0.610	-7.169
866.120	0.610	-6.583
866.130	0.450	-6.583
866.140	0.450	-5.737
866.150	0.450	-5.225
866.160	0.250	-4.699
866.170	0.250	-3.795
866.180	0.250	-3.136
866.190	0.030	-2.477
866.200	0.030	-1.508
866.210	0.030	-0.849
866.220	-0.160	-0.217
866.230	-0.160	0.296
866.240	-0.160	0.809
866.250	-0.330	1.395
866.260	-0.330	2.342
866.270	-0.330	3.001
866.280	-0.490	3.533
866.290	-0.490	4.193
866.300	-0.490	4.909
866.310	-0.640	5.421
866.320	-0.640	6.539
866.330	-0.640	7.344
866.340	-0.890	8.316
866.350	-0.890	8.902
866.360	-0.890	9.773
866.370	-1.180	10.652
866.380	-1.180	11.747
866.390	-1.180	12.992
866.400	-1.470	13.977
866.410	-1.470	15.223
866.420	-1.470	15.963
866.430	-1.810	16.988
866.440	-1.810	18.572
866.450	-1.810	19.744
866.460	-2.110	20.722
866.470	-2.110	21.675
866.480	-2.110	22.757
866.490	-2.390	23.489
866.500	-2.390	24.555
866.510	-2.390	25.727
866.520	-2.600	26.466
866.530	-2.600	27.271
866.540	-2.600	27.719
866.550	-2.750	28.744
866.560	-2.750	29.336
866.570	-2.750	30.508
866.580	-2.940	30.861
866.590	-2.940	31.374
866.600	-2.940	32.033
866.610	-3.120	32.692
866.620	-3.120	33.816
866.630	-3.120	34.622
866.640	-3.280	34.655
866.650	-3.280	35.315
866.660	-3.280	35.721
866.670	-3.410	35.941
866.680	-3.410	37.029
866.690	-3.410	37.395
866.700	-3.460	37.761
866.710	-3.460	37.761
866.720	-3.460	37.582
866.730	-3.440	37.582
866.740	-3.440	37.769
866.750	-3.440	37.915
866.760	-3.420	37.915
866.770	-3.420	37.842
866.780	-3.420	37.207
866.790	-3.390	37.207
866.800	-3.390	37.207
866.810	-3.390	36.987
866.820	-3.360	36.987
866.830	-3.360	36.694
866.840	-3.360	36.621
866.850	-3.350	36.621
866.860	-3.350	36.548
866.870	-3.350	36.328
866.880	-3.330	36.328
866.890	-3.330	36.621
866.900	-3.330	36.475
866.910	-3.320	36.475
866.920	-3.320	35.802
866.930	-3.320	36.242
866.940	-3.350	36.242
866.950	-3.350	36.095
866.960	-3.350	36.095
866.970	-3.350	36.242
866.980	-3.350	36.315
866.990	-3.350	35.875
867.000	-3.310	36.095
867.010	-3.310	35.582
867.020	-3.310	36.108
867.030	-3.250	35.669
867.040	-3.250	34.937
867.050	-3.250	34.790
867.060	-3.100	34.351
867.070	-3.100	33.618
867.080	-3.100	32.959
867.090	-2.820	32.446
867.100	-2.820	31.348
867.110	-2.820	30.762
867.120	-2.570	29.736
867.130	-2.570	29.077
867.140	-2.570	28.418
867.150	-2.400	27.686
867.160	-2.400	26.660
867.170	-2.400	26.147
867.180	-2.180	25.122
867.190	-2.180	24.463
867.200	-2.180	23.730
867.210	-2.020	23.364
867.220	-2.020	22.705
867.230	-2.020	22.046
867.240	-1.920	21.680
867.250	-1.920	20.874
867.260	-1.920	20.728
867.270	-1.840	20.142
867.280	-1.840	20.142
867.290	-1.840	19.775
867.300	-1.780	19.702
867.310	-1.780	19.043
867.320	-1.780	18.896
867.330	-1.690	18.750
867.340	-1.690	18.457
867.350	-1.690	18.018
867.360	-1.650	17.944
867.370	-1.650	18.140
867.380	-1.650	17.700
867.390	-1.610	17.401
867.400	-1.610	17.181
867.410	-1.610	16.961
867.420	-1.500	16.668
867.430	-1.500	16.400
867.440	-1.500	15.667
867.450	-1.320	15.607
867.460	-1.320	14.582
867.470	-1.320	13.727
867.480	-1.030	12.775
867.490	-1.030	11.976
867.500	-1.030	11.244
867.510	-0.760	10.245
867.520	-0.760	9.146
867.530	-0.760	7.730
867.540	-0.470	6.851
867.550	-0.470	5.601
867.560	-0.470	4.649
867.570	-0.140	3.351
867.580	-0.140	2.398
867.590	-0.140	1.153
867.600	0.260	-0.678
867.610	0.260	-1.958
867.620	0.260	-3.056
867.630	0.640	-4.481
867.640	0.640	-5.653
867.650	0.640	-7.199
867.660	0.990	-8.225
867.670	0.990	-9.815
867.680	0.990	-11.353
867.690	1.290	-12.172
867.700	1.290	-12.978
867.710	1.290	-14.068
867.720	1.550	-15.314
867.730	1.550	-16.542
867.740	1.550	-17.494
867.750	1.810	-18.226
867.760	1.810	-19.178
867.770	1.810	-19.951
867.780	2.010	-20.318
867.790	2.010	-21.834
867.800	2.010	-22.493
867.810	2.190	-23.186
867.820	2.190	-23.552
867.830	2.190	-23.902
867.840	2.320	-24.488
867.850	2.320	-25.383
867.860	2.320	-26.335
867.870	2.450	-26.369
867.880	2.450	-27.028
867.890	2.450	-26.963
867.900	2.590	-27.475
867.910	2.590	-28.459
867.920	2.590	-28.826
867.930	2.650	-28.912
867.940	2.650	-29.571
867.950	2.650	-29.262
867.960	2.670	-29.189
867.970	2.670	-30.091
867.980	2.670	-30.238
867.990	2.720	-30.318
868.000	2.720	-30.318
868.010	2.720	-29.960
868.020	2.770	-30.399
868.030	2.770	-31.021
868.040	2.770	-31.094
868.050	2.850	-31.307
868.060	2.850	-31.746
868.070	2.850	-31.396
868.080	2.940	-31.763
868.090	2.940	-32.969
868.100	2.940	-33.335
868.110	3.070	-33.441
868.120	3.070	-33.734
868.130	3.070	-34.052
868.140	3.190	-34.564
868.150	3.190	-35.393
868.160	3.190	-35.759
868.170	3.280	-36.006
868.180	3.280	-36.445
868.190	3.280	-35.892
868.200	3.300	-36.258
868.210	3.300	-36.518
868.220	3.300	-36.737
868.230	3.250	-36.664
868.240	3.250	-36.225
868.250	3.250	-35.989
868.260	3.190	-35.769
868.270	3.190	-36.442
868.280	3.190	-35.929
868.290	3.140	-35.676
868.300	3.140	-35.457
868.310	3.140	-35.383
868.320	3.080	-35.017
868.330	3.080	-34.854
868.340	3.080	-35.001
868.350	2.990	-34.342
868.360	2.990	-34.325
868.370	2.990	-33.552
868.380	2.890	-33.053
868.390	2.890	-32.793
868.400	2.890	-32.500
868.410	2.750	-31.695
868.420	2.750	-31.491
868.430	2.750	-30.922
868.440	2.580	-30.003
868.450	2.580	-30.003
868.460	2.580	-28.920
868.470	2.440	-28.334
868.480	2.440	-28.305
868.490	2.440	-27.719
868.500	2.280	-26.833
868.510	2.280	-26.321
868.520	2.280	-25.572
868.530	2.100	-24.839
868.540	2.100	-24.603
868.550	2.100	-23.797
868.560	1.890	-23.111
868.570	1.890	-22.379
868.580	1.890	-21.223
868.590	1.660	-20.637
868.600	1.660	-20.571
868.610	1.660	-19.912
868.620	1.540	-19.099
868.630	1.540	-18.587
868.640	1.540	-17.765
868.650	1.420	-17.105
868.660	1.420	-17.165
868.670	1.420	-16.519
868.680	1.350	-16.372
868.690	1.350	-16.413
868.700	1.350	-15.534
868.710	1.340	-15.394
868.720	1.340	-15.474
868.730	1.340	-14.888
868.740	1.290	-14.815
868.750	1.290	-14.896
868.760	1.290	-14.278
868.770	1.120	-14.011
868.780	1.120	-13.645
868.790	1.120	-13.165
868.800	1.050	-12.872
868.810	1.050	-12.532
868.820	1.050	-12.019
868.830	0.960	-11.853
868.840	0.960	-11.486
868.850	0.960	-10.526
868.860	0.780	-10.087
868.870	0.780	-9.917
868.880	0.780	-9.404
868.890	0.600	-8.478
868.900	0.600	-8.039
868.910	0.600	-7.567
868.920	0.430	-6.908
868.930	0.430	-6.301
868.940	0.430	-5.422
868.950	0.320	-5.169
868.960	0.320	-4.730
868.970	0.320	-4.274
868.980	0.270	-3.981
868.990	0.270	-3.678
869.000	0.270	-3.238
869.010	0.160	-2.719
869.020	0.160	-2.279
869.030	0.160	-1.954
869.040	-0.010	-1.661
869.050	-0.010	-1.084
869.060	-0.010	-0.571
869.070	-0.160	0.201
869.080	-0.160	0.860
869.090	-0.160	1.389
869.100	-0.340	1.975
869.110	-0.340	2.612
869.120	-0.340	3.564
869.130	-0.570	4.296
869.140	-0.570	4.955
869.150	-0.570	5.810
869.160	-0.780	6.323
869.170	-0.780	7.373
869.180	-0.780	8.105
869.190	-0.990	9.071
869.200	-0.990	9.852
869.210	-0.990	11.480
869.220	-1.250	11.480
869.230	-1.250	12.139
869.240	-1.250	14.043
869.250	-1.450	14.043
869.260	-1.450	14.922
869.270	-1.450	16.395
869.280	-1.660	16.395
869.290	-1.660	17.407
869.300	-1.660	19.116
869.310	-1.960	19.116
869.320	-1.960	19.995
869.330	-1.960	21.753
869.340	-2.230	21.753
869.350	-2.230	22.852
869.360	-2.230	24.829
869.370	-2.430	24.829
869.380	-2.430	25.781
869.390	-2.430	27.246
869.400	-2.620	27.246
869.410	-2.620	27.759
869.420	-2.620	29.004
869.430	-2.760	29.004
869.440	-2.760	29.736
869.450	-2.760	30.615
869.460	-2.870	30.615
869.470	-2.870	30.908
869.480	-2.870	32.007
869.490	-3.000	32.007
869.500	-3.000	31.934
869.510	-3.000	32.812
869.520	-3.060	32.812
869.530	-3.060	33.179
869.540	-3.060	33.252
869.550	-3.100	33.838
869.560	-3.100	33.545
869.570	-3.100	34.058
869.580	-3.180	34.104
869.590	-3.180	34.104
869.600	-3.180	34.324
869.610	-3.240	34.690
869.620	-3.240	35.366
869.630	-3.240	35.366
869.640	-3.300	35.199
869.650	-3.300	35.492
869.660	-3.300	35.639
869.670	-3.310	35.565
869.680	-3.310	35.950
869.690	-3.310	36.097
869.700	-3.230	35.850
869.710	-3.230	35.484
869.720	-3.230	34.809
869.730	-3.140	34.735
869.740	-3.140	35.105
869.750	-3.140	34.373
869.760	-3.050	34.120
869.770	-3.050	33.607
869.780	-3.050	33.249
869.790	-2.960	32.736
869.800	-2.960	32.877
869.810	-2.960	32.584
869.820	-2.890	32.364
869.830	-2.890	31.957
869.840	-2.890	31.388
869.850	-2.810	31.388
869.860	-2.810	31.055
869.870	-2.810	30.615
869.880	-2.730	30.615
869.890	-2.730	30.469
869.900	-2.730	29.769
869.910	-2.720	29.769
869.920	-2.720	29.769
869.930	-2.720	29.590
869.940	-2.730	29.663
869.950	-2.730	29.150
869.960	-2.730	29.297
869.970	-2.700	29.383
869.980	-2.700	28.944
869.990	-2.700	28.797
870.000	-2.650	28.651
870.010	-2.650	28.985
870.020	-2.650	28.765
870.030	-2.570	28.086
870.040	-2.570	27.793
870.050	-2.570	27.028
870.060	-2.380	27.028
870.070	-2.380	26.502
870.080	-2.380	25.550
870.090	-2.190	25.550
870.100	-2.190	25.183
870.110	-2.190	23.238
870.120	-2.030	23.238
870.130	-2.030	22.892
870.140	-2.030	21.460
870.150	-1.890	20.874
870.160	-1.890	20.874
870.170	-1.890	19.482
870.180	-1.740	19.482
870.190	-1.740	18.091
870.200	-1.740	17.285
870.210	-1.510	17.285
870.220	-1.510	16.699
870.230	-1.510	15.015
870.240	-1.220	15.015
870.250	-1.220	13.843
870.260	-1.220	11.646
870.270	-0.870	11.646
870.280	-0.870	10.474
870.290	-0.870	7.690
870.300	-0.460	7.690
870.310	-0.460	6.372
870.320	-0.460	4.761
870.330	0.000	3.442
870.340	0.000	1.671
870.350	0.000	0.206
870.360	0.430	-1.185
870.370	0.430	-2.984
870.380	0.430	-4.229
870.390	0.700	-5.314
870.400	0.700	-6.559
870.410	0.700	-7.804
870.420	1.010	-8.903
870.430	1.010	-10.010
870.440	1.010	-10.875
870.450	1.210	-11.887
870.460	1.210	-12.766
870.470	1.210	-13.312
870.480	1.470	-14.264
870.490	1.470	-15.595
870.500	1.470	-16.621
870.510	1.700	-17.240
870.520	1.700	-18.265
870.530	1.700	-18.843
870.540	1.940	-19.942
870.550	1.940	-20.867
870.560	1.940	-21.892
870.570	2.180	-22.471
870.580	2.180	-23.350
870.590	2.180	-23.790
870.600	2.360	-24.376
870.610	2.360	-26.011
870.620	2.360	-26.304
870.630	2.520	-26.909
870.640	2.520	-27.422
870.650	2.520	-27.902
870.660	2.680	-28.269
870.670	2.680	-29.423
870.680	2.680	-30.009
870.690	2.800	-30.302
870.700	2.800	-30.887
870.710	2.800	-30.611
870.720	2.910	-31.197
870.730	2.910	-32.536
870.740	2.910	-32.609
870.750	3.040	-33.002
870.760	3.040	-33.295
870.770	3.040	-33.685
870.780	3.140	-33.832
870.790	3.140	-34.971
870.800	3.140	-35.118
870.810	3.230	-35.491
870.820	3.230	-35.930
870.830	3.230	-35.377
870.840	3.300	-36.036
870.850	3.300	-36.546
870.860	3.300	-37.132
870.870	3.290	-36.387
870.880	3.290	-37.005
870.890	3.290	-36.525
870.900	3.190	-36.525
870.910	3.190	-36.152
870.920	3.190	-36.006
870.930	3.090	-35.619
870.940	3.090	-35.400
870.950	3.090	-34.570
870.960	3.020	-34.057
870.970	3.020	-34.900
870.980	3.020	-34.135
870.990	3.020	-33.956
871.000	3.020	-33.516
871.010	3.020	-33.882
871.020	3.000	-33.370
871.030	3.000	-33.739
871.040	3.000	-33.520
871.050	2.900	-33.240
871.060	2.900	-33.020
871.070	2.900	-32.410
871.080	2.810	-32.117
871.090	2.810	-32.191
871.100	2.810	-32.191
871.110	2.740	-31.266
871.120	2.740	-31.119
871.130	2.740	-30.916
871.140	2.680	-30.403
871.150	2.680	-30.862
871.160	2.680	-30.715
871.170	2.650	-30.282
871.180	2.650	-30.136
871.190	2.650	-29.509
871.200	2.590	-28.997
871.210	2.590	-29.751
871.220	2.590	-29.531
871.230	2.490	-28.832
871.240	2.490	-28.539
871.250	2.490	-27.921
871.260	2.370	-27.481
871.270	2.370	-27.385
871.280	2.370	-27.239
871.290	2.250	-26.726
871.300	2.250	-26.580
871.310	2.250	-25.286
871.320	2.150	-25.139
871.330	2.150	-24.658
871.340	2.150	-24.438
871.350	2.030	-23.799
871.360	2.030	-23.360
871.370	2.030	-22.717
871.380	1.900	-22.131
871.390	1.900	-22.375
871.400	1.900	-21.716
871.410	1.810	-21.589
871.420	1.810	-20.711
871.430	1.810	-20.572
871.440	1.700	-20.133
871.450	1.700	-20.170
871.460	1.700	-19.877
871.470	1.600	-19.151
871.480	1.600	-18.858
871.490	1.600	-18.174
871.500	1.470	-17.588
871.510	1.470	-17.300
871.520	1.470	-17.153
871.530	1.300	-16.175
871.540	1.300	-15.003
871.550	1.300	-12.627
871.560	0.840	-11.594
871.570	0.840	-10.056
871.580	0.840	-8.372
871.590	0.310	-7.053
871.600	0.310	-5.271
871.610	0.310	-3.660
871.620	0.000	-3.660
871.630	0.000	-2.515
871.640	0.000	-1.562
871.650	-0.210	-0.366
871.660	-0.210	0.293
871.670	-0.210	1.318
871.680	-0.240	1.318
871.690	-0.240	1.611
871.700	-0.240	1.904
871.710	-0.190	1.904
871.720	-0.190	1.978
871.730	-0.190	2.051
871.740	-0.210	2.051
871.750	-0.210	2.124
871.760	-0.210	2.244
871.770	-0.350	2.610
871.780	-0.350	3.123
871.790	-0.350	3.489
871.800	-0.550	4.002
871.810	-0.550	4.734
871.820	-0.550	5.247
871.830	-0.720	5.759
871.840	-0.720	6.923
871.850	-0.720	8.488
871.860	-0.900	8.488
871.870	-0.900	8.854
871.880	-0.900	9.660
871.890	-1.070	10.272
871.900	-1.070	10.932
871.910	-1.070	11.591
871.920	-1.300	12.470
871.930	-1.300	13.528
871.940	-1.300	14.048
871.950	-1.530	15.034
871.960	-1.530	15.327
871.970	-1.530	16.425
871.980	-1.730	16.865
871.990	-1.730	17.864
872.000	-1.730	18.596
872.010	-1.890	19.329
872.020	-1.890	19.914
872.030	-1.890	20.248
872.040	-2.040	20.834
872.050	-2.040	21.167
872.060	-2.040	22.046
872.070	-2.150	22.412
872.080	-2.150	22.852
872.090	-2.150	23.071
872.100	-2.220	23.364
872.110	-2.220	23.942
872.120	-2.220	24.162
872.130	-2.270	24.435
872.140	-2.270	24.288
872.150	-2.270	24.874
872.160	-2.360	25.021
872.170	-2.360	25.460
872.180	-2.360	25.607
872.190	-2.430	25.973
872.200	-2.430	26.266
872.210	-2.430	26.054
872.220	-2.510	26.860
872.230	-2.510	27.173
872.240	-2.510	27.686
872.250	-2.600	27.832
872.260	-2.600	27.979
872.270	-2.600	28.345
872.280	-2.700	28.784
872.290	-2.700	28.784
872.300	-2.700	29.370
872.310	-2.770	29.956
872.320	-2.770	29.517
872.330	-2.770	30.176
872.340	-2.840	30.469
872.350	-2.840	30.396
872.360	-2.840	31.055
872.370	-2.890	31.128
872.380	-2.890	30.981
872.390	-2.890	31.641
872.400	-2.910	31.567
872.410	-2.910	31.274
872.420	-2.910	32.007
872.430	-2.950	31.860
872.440	-2.950	31.860
872.450	-2.950	32.300
872.460	-2.970	32.227
872.470	-2.970	32.227
872.480	-2.970	32.446
872.490	-3.000	32.593
872.500	-3.000	32.593
872.510	-3.000	32.666
872.520	-3.040	32.886
872.530	-3.040	32.812
872.540	-3.040	33.105
872.550	-3.060	33.105
872.560	-3.060	33.252
872.570	-3.060	33.325
872.580	-3.090	33.472
872.590	-3.090	33.325
872.600	-3.090	33.398
872.610	-3.080	33.838
872.620	-3.080	33.179
872.630	-3.080	33.325
872.640	-3.030	33.325
872.650	-3.030	32.959
872.660	-3.030	32.886
872.670	-2.980	32.739
872.680	-2.980	32.446
872.690	-2.980	32.300
872.700	-2.910	32.153
872.710	-2.910	31.795
872.720	-2.910	31.502
872.730	-2.820	31.502
872.740	-2.820	30.990
872.750	-2.820	30.990
872.760	-2.750	30.350
872.770	-2.750	30.204
872.780	-2.750	30.057
872.790	-2.690	29.471
872.800	-2.690	29.252
872.810	-2.690	29.024
872.820	-2.630	28.804
872.830	-2.630	28.438
872.840	-2.630	28.072
872.850	-2.550	27.998
872.860	-2.550	27.686
872.870	-2.550	27.319
872.880	-2.450	26.880
872.890	-2.450	26.514
872.900	-2.450	25.488
872.910	-2.150	24.829
872.920	-2.150	23.730
872.930	-2.150	22.778
872.940	-1.750	21.753
872.950	-1.750	20.361
872.960	-1.750	19.189
872.970	-1.390	17.798
872.980	-1.390	16.626
872.990	-1.390	15.234
873.000	-1.090	14.209
873.010	-1.090	13.257
873.020	-1.090	12.231
873.030	-0.900	11.499
873.040	-0.900	10.693
873.050	-0.900	9.814
873.060	-0.800	9.302
873.070	-0.800	8.789
873.080	-0.800	8.057
873.090	-0.640	7.397
873.100	-0.640	6.763
873.110	-0.640	5.664
873.120	-0.310	4.858
873.130	-0.310	3.760
873.140	-0.310	2.808
873.150	0.080	1.855
873.160	0.080	0.553
873.170	0.080	-1.131
873.180	0.410	-2.170
873.190	0.410	-3.049
873.200	0.410	-4.392
873.210	0.680	-5.344
873.220	0.680	-6.564
873.230	0.680	-7.443
873.240	0.870	-8.089
873.250	0.870	-8.968
873.260	0.870	-9.644
873.270	1.020	-10.083
873.280	1.020	-10.802
873.290	1.020	-11.608
873.300	1.190	-12.194
873.310	1.190	-12.780
873.320	1.190	-14.049
873.330	1.410	-14.049
873.340	1.410	-14.941
873.350	1.410	-16.113
873.360	1.570	-16.113
873.370	1.570	-16.772
873.380	1.570	-17.505
873.390	1.730	-18.044
873.400	1.730	-18.557
873.410	1.730	-19.070
873.420	1.840	-19.656
873.430	1.840	-19.940
873.440	1.840	-20.526
873.450	1.950	-20.679
873.460	1.950	-21.339
873.470	1.950	-21.632
873.480	2.070	-22.218
873.490	2.070	-22.809
873.500	2.070	-23.322
873.510	2.190	-23.608
873.520	2.190	-24.048
873.530	2.190	-24.422
873.540	2.320	-24.788
873.550	2.320	-25.669
873.560	2.320	-26.181
873.570	2.480	-26.774
873.580	2.480	-26.847
873.590	2.480	-27.254
873.600	2.650	-27.913
873.610	2.650	-28.905
873.620	2.650	-29.271
873.630	2.790	-30.043
873.640	2.790	-30.263
873.650	2.790	-30.548
873.660	2.890	-31.207
873.670	2.890	-32.087
873.680	2.890	-32.966
873.690	3.090	-33.432
873.700	3.090	-33.799
873.710	3.090	-34.499
873.720	3.340	-35.084
873.730	3.340	-36.135
873.740	3.340	-37.234
873.750	3.490	-37.600
873.760	3.490	-37.966
873.770	3.490	-38.397
873.780	3.570	-38.837
873.790	3.570	-39.673
873.800	3.570	-39.966
873.810	3.610	-39.806
873.820	3.610	-40.457
873.830	3.610	-40.319
873.840	3.620	-40.319
873.850	3.620	-40.538
873.860	3.620	-40.172
873.870	3.530	-40.172
873.880	3.530	-39.660
873.890	3.530	-38.797
873.900	3.340	-38.797
873.910	3.340	-38.517
873.920	3.340	-37.207
873.930	3.170	-37.207
873.940	3.170	-36.475
873.950	3.170	-35.449
873.960	3.070	-35.449
873.970	3.070	-35.156
873.980	3.070	-33.984
873.990	2.990	-33.984
874.000	2.990	-33.984
874.010	2.990	-33.179
874.020	2.870	-33.179
874.030	2.870	-32.739
874.040	2.870	-31.934
874.050	2.690	-31.348
874.060	2.690	-31.055
874.070	2.690	-30.103
874.080	2.470	-29.696
874.090	2.470	-28.817
874.100	2.470	-27.939
874.110	2.310	-27.426
874.120	2.310	-26.962
874.130	2.310	-26.156
874.140	2.160	-25.783
874.150	2.160	-25.271
874.160	2.160	-24.685
874.170	2.080	-24.245
874.180	2.080	-24.253
874.190	2.080	-24.106
874.200	2.050	-23.667
874.210	2.050	-23.374
874.220	2.050	-23.032
874.230	2.000	-22.812
874.240	2.000	-23.071
874.250	2.000	-22.852
874.260	1.950	-22.638
874.270	1.950	-22.126
874.280	1.950	-21.426
874.290	1.790	-21.133
874.300	1.790	-20.970
874.310	1.790	-20.677
874.320	1.590	-19.532
874.330	1.590	-19.019
874.340	1.590	-17.961
874.350	1.330	-17.082
874.360	1.330	-16.417
874.370	1.330	-15.684
874.380	1.070	-14.912
874.390	1.070	-13.813
874.400	1.070	-12.438
874.410	0.830	-11.412
874.420	0.830	-10.873
874.430	0.830	-9.701
874.440	0.560	-8.749
874.450	0.560	-7.943
874.460	0.560	-6.845
874.470	0.280	-5.966
874.480	0.280	-4.915
874.490	0.280	-4.110
874.500	0.000	-3.317
874.510	0.000	-2.219
874.520	0.000	-1.267
874.530	-0.160	-0.534
874.540	-0.160	0.272
874.550	-0.160	0.931
874.560	-0.290	1.736
874.570	-0.290	2.322
874.580	-0.290	3.136
874.590	-0.450	3.649
874.600	-0.450	3.955
874.610	-0.450	4.321
874.620	-0.600	4.980
874.630	-0.600	5.420
874.640	-0.600	5.933
874.650	-0.710	6.665
874.660	-0.710	6.958
874.670	-0.710	7.764
874.680	-0.900	8.203
874.690	-0.900	9.009
874.700	-0.900	9.668
874.710	-1.160	10.840
874.720	-1.160	11.499
874.730	-1.160	12.158
874.740	-1.450	13.403
874.750	-1.450	14.282
874.760	-1.450	15.674
874.770	-1.760	16.699
874.780	-1.760	17.578
874.790	-1.760	18.677
874.800	-2.030	19.849
874.810	-2.030	20.939
874.820	-2.030	21.745
874.830	-2.230	22.817
874.840	-2.230	23.329
874.850	-2.230	24.062
874.860	-2.440	24.868
874.870	-2.440	25.771
874.880	-2.440	26.650
874.890	-2.620	27.029
874.900	-2.620	27.615
874.910	-2.620	27.990
874.920	-2.720	28.576
874.930	-2.720	29.123
874.940	-2.720	30.002
874.950	-2.780	30.095
874.960	-2.780	29.949
874.970	-2.780	30.071
874.980	-2.780	30.217
874.990	-2.780	30.595
875.000	-2.780	31.180
875.010	-2.840	31.180
875.020	-2.840	31.180
875.030	-2.840	31.539
875.040	-2.980	31.539
875.050	-2.980	32.251
875.060	-2.980	33.276
875.070	-3.130	33.276
875.080	-3.130	33.643
875.090	-3.130	33.984
875.100	-3.240	33.984
875.110	-3.240	34.717
875.120	-3.240	35.449
875.130	-3.320	35.449
875.140	-3.320	35.742
875.150	-3.320	36.548
875.160	-3.360	36.548
875.170	-3.360	36.401
875.180	-3.360	36.475
875.190	-3.390	36.475
875.200	-3.390	37.061
875.210	-3.390	36.914
875.220	-3.400	36.861
875.230	-3.400	36.641
875.240	-3.400	37.097
875.250	-3.380	36.731
875.260	-3.380	36.877
875.270	-3.380	36.511
875.280	-3.340	36.511
875.290	-3.340	36.531
875.300	-3.340	36.091
875.310	-3.300	36.091
875.320	-3.300	36.210
875.330	-3.300	36.210
875.340	-3.230	35.647
875.350	-3.230	35.135
875.360	-3.230	34.698
875.370	-3.140	34.698
875.380	-3.140	34.735
875.390	-3.140	34.442
875.400	-3.100	34.075
875.410	-3.100	34.075
875.420	-3.100	33.691
875.430	-3.070	33.178
875.440	-3.070	33.903
875.450	-3.070	33.757
875.460	-3.080	33.535
875.470	-3.080	33.361
875.480	-3.080	33.524
875.490	-3.140	33.524
875.500	-3.140	33.646
875.510	-3.140	34.012
875.520	-3.150	33.879
875.530	-3.150	34.099
875.540	-3.150	33.188
875.550	-3.040	33.114
875.560	-3.040	33.336
875.570	-3.040	33.043
875.580	-2.830	32.111
875.590	-2.830	31.525
875.600	-2.830	31.257
875.610	-2.700	30.378
875.620	-2.700	30.163
875.630	-2.700	29.651
875.640	-2.600	28.905
875.650	-2.600	28.465
875.660	-2.600	27.391
875.670	-2.390	27.098
875.680	-2.390	26.891
875.690	-2.390	26.525
875.700	-2.250	25.506
875.710	-2.250	24.993
875.720	-2.250	24.123
875.730	-2.110	23.463
875.740	-2.110	23.330
875.750	-2.110	22.684
875.760	-1.940	22.318
875.770	-1.940	22.041
875.780	-1.940	21.423
875.790	-1.860	20.671
875.800	-1.860	20.444
875.810	-1.860	19.931
875.820	-1.760	19.858
875.830	-1.760	19.606
875.840	-1.760	18.727
875.850	-1.590	18.261
875.860	-1.590	17.748
875.870	-1.590	15.901
875.880	-1.350	15.901
875.890	-1.350	15.408
875.900	-1.350	13.650
875.910	-1.050	13.650
875.920	-1.050	12.405
875.930	-1.050	10.607
875.940	-0.770	10.607
875.950	-0.770	9.595
875.960	-0.770	7.471
875.970	-0.500	7.471
875.980	-0.500	6.592
875.990	-0.500	4.614
876.000	-0.290	4.614
876.010	-0.290	3.662
876.020	-0.290	2.930
876.030	-0.030	2.197
876.040	-0.030	1.245
876.050	-0.030	0.439
876.060	0.120	-0.120
876.070	0.120	-0.779
876.080	0.120	-1.804
876.090	0.310	-2.610
876.100	0.310	-3.334
876.110	0.310	-4.140
876.120	0.630	-5.066
876.130	0.630	-5.871
876.140	0.630	-7.116
876.150	0.930	-7.922
876.160	0.930	-9.365
876.170	0.930	-10.756
876.180	1.260	-11.355
876.190	1.260	-12.381
876.200	1.260	-13.781
876.210	1.610	-15.099
876.220	1.610	-16.704
876.230	1.610	-17.950
876.240	1.970	-18.888
876.250	1.970	-20.207
876.260	1.970	-21.208
876.270	2.230	-22.013
876.280	2.230	-23.774
876.290	2.230	-25.239
876.300	2.490	-25.918
876.310	2.490	-26.797
876.320	2.490	-27.782
876.330	2.820	-28.734
876.340	2.820	-30.310
876.350	2.820	-31.408
876.360	3.100	-32.294
876.370	3.100	-33.173
876.380	3.100	-33.889
876.390	3.330	-34.548
876.400	3.330	-36.050
876.410	3.330	-37.149
876.420	3.510	-37.422
876.430	3.510	-38.008
876.440	3.510	-38.130
876.450	3.640	-38.935
876.460	3.640	-39.897
876.470	3.640	-40.483
876.480	3.730	-40.669
876.490	3.730	-41.109
876.500	3.730	-41.898
876.510	3.830	-41.898
876.520	3.830	-42.358
876.530	3.830	-43.090
876.540	3.920	-43.090
876.550	3.920	-43.237
876.560	3.920	-43.367
876.570	3.930	-43.367
876.580	3.930	-43.693
876.590	3.930	-42.847
876.600	3.840	-42.847
876.610	3.840	-42.387
876.620	3.840	-42.314
876.630	3.710	-42.094
876.640	3.710	-41.655
876.650	3.710	-41.289
876.660	3.600	-40.922
876.670	3.600	-40.410
876.680	3.600	-40.117
876.690	3.550	-40.263
876.700	3.550	-39.458
876.710	3.550	-39.478
876.720	3.450	-38.965
876.730	3.450	-38.599
876.740	3.450	-38.599
876.750	3.300	-38.013
876.760	3.300	-37.646
876.770	3.300	-37.354
876.780	3.230	-37.207
876.790	3.230	-36.182
876.800	3.230	-36.182
876.810	3.120	-35.669
876.820	3.120	-35.303
876.830	3.120	-34.790
876.840	2.940	-34.131
876.850	2.940	-33.984
876.860	2.940	-33.105
876.870	2.750	-32.593
876.880	2.750	-31.348
876.890	2.750	-30.908
876.900	2.560	-30.542
876.910	2.560	-29.590
876.920	2.560	-29.004
876.930	2.370	-28.271
876.940	2.370	-27.539
876.950	2.370	-26.367
876.960	2.110	-25.854
876.970	2.110	-24.536
876.980	2.110	-22.889
876.990	1.770	-22.889
877.000	1.770	-21.847
877.010	1.770	-21.261
877.020	1.570	-19.676
877.030	1.570	-18.724
877.040	1.570	-17.552
877.050	1.260	-16.673
877.060	1.260	-15.298
877.070	1.260	-14.712
877.080	0.900	-13.410
877.090	0.900	-12.624
877.100	0.900	-11.469
877.110	0.680	-10.224
877.120	0.680	-9.465
877.130	0.680	-7.845
877.140	0.490	-6.893
877.150	0.490	-6.144
877.160	0.490	-5.119
877.170	0.260	-5.119
877.180	0.260	-4.386
877.190	0.260	-2.629
877.200	0.000	-2.629
877.210	0.000	-1.969
877.220	0.000	-0.659
877.230	-0.110	-0.659
877.240	-0.110	-0.073
877.250	-0.110	0.732
877.260	-0.170	0.732
877.270	-0.170	0.952
877.280	-0.170	1.245
877.290	-0.150	1.245
877.300	-0.150	1.392
877.310	-0.150	1.538
877.320	-0.160	1.538
877.330	-0.160	1.611
877.340	-0.160	1.611
877.350	-0.220	1.611
877.360	-0.220	1.465
877.370	-0.220	1.465
877.380	-0.200	1.465
877.390	-0.200	1.392
