% Time (s)	Gyro Output (rads/s)	Input Rate (RPM)	%3/17/202011:44 AM
0.000	0.000	0.000
1013.240	-0.040	0.000
1013.250	-0.040	0.000
1013.260	-0.040	0.000
1013.270	-0.040	0.000
1013.280	-0.040	0.000
1013.290	-0.040	0.000
1013.300	-0.040	0.000
1013.310	-0.040	0.000
1013.320	-0.040	0.000
1013.330	-0.040	0.000
1013.340	-0.040	0.000
1013.350	-0.040	0.000
1013.360	-0.040	0.000
1013.370	-0.040	0.000
1013.380	-0.040	0.000
1013.390	-0.040	0.000
1013.400	-0.040	0.000
1013.410	-0.040	0.000
1013.420	-0.040	0.000
1013.430	-0.040	0.000
1013.440	-0.040	0.000
1013.450	-0.040	0.000
1013.460	-0.040	0.000
1013.470	-0.040	0.000
1013.480	-0.040	0.000
1013.490	-0.040	0.000
1013.500	-0.040	0.000
1013.510	-0.040	0.000
1013.520	-0.040	0.000
1013.530	-0.040	0.000
1013.540	-0.040	0.000
1013.550	-0.040	0.000
1013.560	-0.040	0.000
1013.570	-0.040	0.000
1013.580	-0.040	0.000
1013.590	-0.040	0.000
1013.600	-0.040	0.000
1013.610	-0.040	0.000
1013.620	-0.040	0.000
1013.630	-0.040	0.000
1013.640	-0.040	0.000
1013.650	-0.040	0.000
1013.660	-0.040	0.000
1013.670	-0.040	0.000
1013.680	-0.040	0.000
1013.690	-0.040	0.000
1013.700	-0.040	0.000
1013.710	-0.040	0.000
1013.720	-0.040	0.000
1013.730	-0.040	0.000
1013.740	-0.040	0.000
1013.750	-0.040	0.000
1013.760	-0.040	0.000
1013.770	-0.040	0.000
1013.780	-0.040	0.000
1013.790	-0.040	0.000
1013.800	-0.040	0.000
1013.810	-0.040	0.000
1013.820	-0.040	0.000
1013.830	-0.040	0.000
1013.840	-0.040	0.000
1013.850	-0.040	0.000
1013.860	-0.040	0.000
1013.870	-0.040	0.000
1013.880	-0.040	0.000
1013.890	-0.040	0.000
1013.900	-0.040	0.000
1013.910	-0.040	0.000
1013.920	-0.040	0.000
1013.930	-0.040	0.000
1013.940	-0.030	0.000
1013.950	-0.030	0.000
1013.960	-0.030	0.000
1013.970	-0.040	0.000
1013.980	-0.040	0.000
1013.990	-0.040	0.000
1014.000	-0.040	0.000
1014.010	-0.040	0.000
1014.020	-0.040	0.000
1014.030	-0.040	0.000
1014.040	-0.040	0.000
1014.050	-0.040	0.000
1014.060	-0.040	0.000
1014.070	-0.040	0.000
1014.080	-0.040	0.000
1014.090	-0.040	0.000
1014.100	-0.040	0.000
1014.110	-0.040	0.000
1014.120	-0.040	0.000
1014.130	-0.040	0.000
1014.140	-0.040	0.000
1014.150	-0.040	0.000
1014.160	-0.040	0.000
1014.170	-0.040	0.000
1014.180	-0.040	0.000
1014.190	-0.040	0.000
1014.200	-0.040	0.000
1014.210	-0.040	0.000
1014.220	-0.040	0.000
1014.230	-0.040	0.000
1014.240	-0.040	0.000
1014.250	-0.040	0.000
1014.260	-0.040	0.000
1014.270	-0.040	0.000
1014.280	-0.040	0.000
1014.290	-0.040	0.000
1014.300	-0.040	0.000
1014.310	-0.040	0.000
1014.320	-0.040	0.000
1014.330	-0.040	0.000
1014.340	-0.040	0.000
1014.350	-0.040	0.000
1014.360	-0.040	0.000
1014.370	-0.040	0.000
1014.380	-0.040	0.000
1014.390	-0.040	0.000
1014.400	-0.040	0.000
1014.410	-0.040	0.000
1014.420	-0.040	0.000
1014.430	-0.040	0.000
1014.440	-0.040	0.000
1014.450	-0.040	0.000
1014.460	-0.040	0.000
1014.470	-0.040	0.000
1014.480	-0.040	0.000
1014.490	-0.040	0.000
1016.140	-0.040	0.000
1016.150	-0.040	0.000
1016.160	-0.040	0.000
1016.170	-0.040	0.000
1016.180	-0.040	0.000
1016.190	-0.040	0.000
1016.200	-0.040	0.000
1016.210	-0.040	0.000
1016.220	-0.040	0.000
1016.230	-0.040	0.000
1016.240	-0.040	0.000
1016.250	-0.030	-0.073
1016.260	-0.030	-0.073
1016.270	-0.030	-0.073
1016.280	-0.020	-0.140
1016.290	-0.020	-0.140
1016.300	-0.020	-0.213
1016.310	0.000	-0.286
1016.320	0.000	-0.368
1016.330	0.000	-0.441
1016.340	0.030	-0.508
1016.350	0.030	-0.581
1016.360	0.030	-0.727
1016.370	0.060	-0.874
1016.380	0.060	-1.051
1016.390	0.060	-1.271
1016.400	0.090	-1.398
1016.410	0.090	-1.544
1016.420	0.090	-1.682
1016.430	0.130	-1.756
1016.440	0.130	-1.852
1016.450	0.130	-1.925
1016.460	0.160	-1.912
1016.470	0.160	-1.985
1016.480	0.160	-2.034
1016.490	0.200	-2.107
1016.500	0.200	-2.396
1016.510	0.200	-2.542
1016.520	0.240	-2.589
1016.530	0.240	-2.735
1016.540	0.240	-2.979
1016.550	0.280	-3.226
1016.560	0.280	-3.947
1016.570	0.280	-4.020
1016.580	0.340	-4.093
1016.590	0.340	-4.093
1016.600	0.340	-4.411
1016.610	0.400	-4.657
1016.620	0.400	-4.657
1016.630	0.400	-4.830
1016.640	0.460	-5.009
1016.650	0.460	-5.438
1016.660	0.460	-5.438
1016.670	0.530	-5.864
1016.680	0.530	-5.864
1016.690	0.530	-6.230
1016.700	0.590	-6.450
1016.710	0.590	-6.669
1016.720	0.590	-7.036
1016.730	0.670	-7.229
1016.740	0.670	-7.522
1016.750	0.670	-7.505
1016.760	0.730	-7.725
1016.770	0.730	-8.561
1016.780	0.730	-8.480
1016.790	0.780	-8.613
1016.800	0.780	-8.979
1016.810	0.780	-8.979
1016.820	0.840	-9.345
1016.830	0.840	-9.492
1016.840	0.840	-9.785
1016.850	0.900	-9.858
1016.860	0.900	-10.298
1016.870	0.900	-9.948
1016.880	0.930	-10.241
1016.890	0.930	-10.474
1016.900	0.930	-10.693
1016.910	0.950	-10.913
1016.920	0.950	-10.547
1016.930	0.950	-11.060
1016.940	1.000	-11.060
1016.950	1.000	-11.353
1016.960	1.000	-11.060
1016.970	1.020	-11.426
1016.980	1.020	-11.572
1016.990	1.020	-11.792
1017.000	1.050	-11.646
1017.010	1.050	-11.646
1017.020	1.050	-12.158
1017.030	1.070	-12.012
1017.040	1.070	-12.012
1017.050	1.070	-11.938
1017.060	1.080	-12.524
1017.070	1.080	-12.345
1017.080	1.080	-12.492
1017.090	1.110	-12.305
1017.100	1.110	-12.672
1017.110	1.110	-12.525
1017.120	1.100	-12.525
1017.130	1.100	-12.745
1017.140	1.100	-12.891
1017.150	1.140	-12.965
1017.160	1.140	-12.598
1017.170	1.140	-12.997
1017.180	1.140	-12.777
1017.190	1.140	-13.037
1017.200	1.140	-12.891
1017.210	1.160	-13.330
1017.220	1.160	-13.110
1017.230	1.160	-13.037
1017.240	1.160	-13.330
1017.250	1.160	-13.110
1017.260	1.160	-13.477
1017.270	1.190	-13.403
1017.280	1.190	-13.623
1017.290	1.190	-13.550
1017.300	1.190	-13.550
1017.310	1.190	-13.696
1017.320	1.190	-13.623
1017.330	1.210	-13.843
1017.340	1.210	-13.770
1017.350	1.210	-13.916
1017.360	1.220	-13.843
1017.370	1.220	-13.623
1017.380	1.220	-13.916
1017.390	1.230	-13.916
1017.400	1.230	-13.989
1017.410	1.230	-14.062
1017.420	1.240	-14.136
1017.430	1.240	-14.062
1017.440	1.240	-14.209
1017.450	1.260	-14.209
1017.460	1.260	-14.282
1017.470	1.260	-14.502
1017.480	1.260	-14.355
1017.490	1.260	-14.502
1017.500	1.260	-14.429
1017.510	1.280	-14.355
1017.520	1.280	-14.502
1017.530	1.280	-14.429
1017.540	1.280	-14.502
1017.550	1.280	-14.575
1017.560	1.280	-14.575
1017.570	1.310	-14.868
1017.580	1.310	-14.502
1017.590	1.310	-14.648
1017.600	1.300	-15.161
1017.610	1.300	-14.722
1017.620	1.300	-15.015
1017.630	1.330	-15.381
1017.640	1.330	-14.868
1017.650	1.330	-15.234
1017.660	1.320	-15.454
1017.670	1.320	-14.941
1017.680	1.320	-15.381
1017.690	1.350	-15.454
1017.700	1.350	-14.941
1017.710	1.350	-15.381
1017.720	1.360	-15.454
1017.730	1.360	-15.088
1017.740	1.360	-15.454
1017.750	1.350	-15.454
1017.760	1.350	-15.161
1017.770	1.350	-15.527
1017.780	1.390	-15.674
1017.790	1.390	-15.454
1017.800	1.390	-15.747
1017.810	1.360	-15.820
1017.820	1.360	-15.763
1017.830	1.360	-15.983
1017.840	1.390	-16.036
1017.850	1.390	-15.743
1017.860	1.390	-15.963
1017.870	1.410	-16.110
1017.880	1.410	-15.670
1017.890	1.410	-15.890
1017.900	1.370	-16.110
1017.910	1.370	-15.670
1017.920	1.370	-15.654
1017.930	1.420	-15.874
1017.940	1.420	-15.454
1017.950	1.420	-15.820
1017.960	1.360	-15.894
1017.970	1.360	-15.519
1017.980	1.360	-15.959
1017.990	1.370	-15.959
1018.000	1.370	-15.446
1018.010	1.370	-16.032
1018.020	1.380	-16.032
1018.030	1.380	-15.446
1018.040	1.380	-15.812
1018.050	1.320	-15.812
1018.060	1.320	-15.373
1018.070	1.320	-15.454
1018.080	1.340	-15.454
1018.090	1.340	-15.088
1018.100	1.340	-15.015
1018.110	1.280	-15.015
1018.120	1.280	-14.722
1018.130	1.280	-14.575
1018.140	1.240	-14.575
1018.150	1.240	-14.502
1018.160	1.240	-14.209
1018.170	1.230	-14.209
1018.180	1.230	-13.916
1018.190	1.230	-13.623
1018.200	1.120	-13.623
1018.210	1.120	-13.477
1018.220	1.120	-13.037
1018.230	1.130	-13.037
1018.240	1.130	-13.037
1018.250	1.130	-12.744
1018.260	1.020	-12.744
1018.270	1.020	-12.231
1018.280	1.020	-11.719
1018.290	1.000	-11.719
1018.300	1.000	-11.792
1018.310	1.000	-10.767
1018.320	0.910	-10.767
1018.330	0.910	-10.986
1018.340	0.910	-10.620
1018.350	0.840	-10.620
1018.360	0.840	-9.961
1018.370	0.840	-9.595
1018.380	0.770	-9.595
1018.390	0.770	-9.375
1018.400	0.770	-8.936
1018.410	0.700	-8.936
1018.420	0.700	-8.643
1018.430	0.700	-7.910
1018.440	0.600	-7.910
1018.450	0.600	-7.397
1018.460	0.600	-7.178
1018.470	0.530	-6.978
1018.480	0.530	-6.685
1018.490	0.530	-6.392
1018.500	0.410	-5.953
1018.510	0.410	-5.033
1018.520	0.410	-5.033
1018.530	0.340	-4.853
1018.540	0.340	-4.414
1018.550	0.340	-4.121
1018.560	0.240	-3.828
1018.570	0.240	-3.515
1018.580	0.240	-2.929
1018.590	0.120	-2.489
1018.600	0.120	-1.879
1018.610	0.120	-1.659
1018.620	0.010	-1.659
1018.630	0.010	-1.245
1018.640	0.010	-0.879
1018.650	-0.090	-0.380
1018.660	-0.090	0.060
1018.670	-0.090	0.573
1018.680	-0.210	1.012
1018.690	-0.210	1.492
1018.700	-0.210	1.793
1018.710	-0.310	2.126
1018.720	-0.310	2.419
1018.730	-0.310	2.851
1018.740	-0.420	3.510
1018.750	-0.420	4.028
1018.760	-0.420	4.321
1018.770	-0.540	4.693
1018.780	-0.540	5.060
1018.790	-0.540	5.165
1018.800	-0.640	5.605
1018.810	-0.640	6.411
1018.820	-0.640	6.924
1018.830	-0.750	7.277
1018.840	-0.750	7.497
1018.850	-0.750	7.578
1018.860	-0.850	8.237
1018.870	-0.850	8.629
1018.880	-0.850	9.069
1018.890	-0.940	9.355
1018.900	-0.940	9.721
1018.910	-0.940	9.900
1018.920	-1.030	10.340
1018.930	-1.030	10.695
1018.940	-1.030	10.988
1018.950	-1.130	11.520
1018.960	-1.130	11.740
1018.970	-1.130	11.781
1018.980	-1.230	12.220
1018.990	-1.230	12.968
1019.000	-1.230	13.334
1019.010	-1.330	13.613
1019.020	-1.330	13.760
1019.030	-1.330	14.077
1019.040	-1.430	14.517
1019.050	-1.430	15.042
1019.060	-1.430	15.189
1019.070	-1.520	15.888
1019.080	-1.520	16.034
1019.090	-1.520	16.026
1019.100	-1.600	16.612
1019.110	-1.600	17.048
1019.120	-1.600	17.708
1019.130	-1.710	18.034
1019.140	-1.710	18.107
1019.150	-1.710	18.441
1019.160	-1.800	18.734
1019.170	-1.800	19.206
1019.180	-1.800	19.426
1019.190	-1.890	20.232
1019.200	-1.890	20.614
1019.210	-1.890	20.777
1019.220	-1.990	20.857
1019.230	-1.990	21.117
1019.240	-1.990	21.703
1019.250	-2.070	21.849
1019.260	-2.070	22.704
1019.270	-2.070	22.777
1019.280	-2.180	23.130
1019.290	-2.180	23.203
1019.300	-2.180	23.333
1019.310	-2.250	23.699
1019.320	-2.250	24.254
1019.330	-2.250	24.767
1019.340	-2.340	24.754
1019.350	-2.340	25.340
1019.360	-2.340	25.218
1019.370	-2.420	25.730
1019.380	-2.420	26.036
1019.390	-2.420	26.256
1019.400	-2.500	26.622
1019.410	-2.500	26.989
1019.420	-2.500	27.526
1019.430	-2.560	27.486
1019.440	-2.560	27.792
1019.450	-2.560	28.012
1019.460	-2.660	28.451
1019.470	-2.660	28.769
1019.480	-2.660	29.135
1019.490	-2.710	29.361
1019.500	-2.710	29.508
1019.510	-2.710	29.654
1019.520	-2.780	29.434
1019.530	-2.780	30.418
1019.540	-2.780	30.858
1019.550	-2.870	30.645
1019.560	-2.870	30.865
1019.570	-2.870	30.913
1019.580	-2.900	31.206
1019.590	-2.900	31.761
1019.600	-2.900	32.347
1019.610	-2.950	32.347
1019.620	-2.950	32.420
1019.630	-2.950	32.575
1019.640	-3.040	32.575
1019.650	-3.040	32.861
1019.660	-3.040	33.301
1019.670	-3.080	33.301
1019.680	-3.080	33.521
1019.690	-3.080	33.252
1019.700	-3.090	33.618
1019.710	-3.090	33.618
1019.720	-3.090	33.984
1019.730	-3.150	33.598
1019.740	-3.150	33.964
1019.750	-3.150	34.184
1019.760	-3.190	33.964
1019.770	-3.190	34.575
1019.780	-3.190	34.648
1019.790	-3.220	34.761
1019.800	-3.220	34.468
1019.810	-3.220	34.615
1019.820	-3.230	34.908
1019.830	-3.230	35.522
1019.840	-3.230	35.302
1019.850	-3.250	35.262
1019.860	-3.250	35.555
1019.870	-3.250	35.091
1019.880	-3.270	35.018
1019.890	-3.270	35.580
1019.900	-3.270	35.946
1019.910	-3.280	35.627
1019.920	-3.280	35.407
1019.930	-3.280	35.106
1019.940	-3.260	35.472
1019.950	-3.260	35.886
1019.960	-3.260	35.813
1019.970	-3.270	35.434
1019.980	-3.270	36.068
1019.990	-3.270	35.613
1020.000	-3.270	35.340
1020.010	-3.270	35.293
1020.020	-3.270	35.513
1020.030	-3.250	35.440
1020.040	-3.250	35.456
1020.050	-3.250	35.008
1020.060	-3.220	34.948
1020.070	-3.220	35.035
1020.080	-3.220	34.180
1020.090	-3.180	34.400
1020.100	-3.180	34.893
1020.110	-3.180	34.220
1020.120	-3.150	34.220
1020.130	-3.150	34.757
1020.140	-3.150	34.302
1020.150	-3.120	34.302
1020.160	-3.120	33.995
1020.170	-3.120	34.215
1020.180	-3.070	34.215
1020.190	-3.070	33.703
1020.200	-3.070	33.190
1020.210	-3.030	33.190
1020.220	-3.030	33.057
1020.230	-3.030	32.520
1020.240	-2.960	32.520
1020.250	-2.960	32.080
1020.260	-2.960	31.860
1020.270	-2.900	31.860
1020.280	-2.900	31.641
1020.290	-2.900	31.201
1020.300	-2.870	31.201
1020.310	-2.870	30.908
1020.320	-2.870	31.274
1020.330	-2.810	30.542
1020.340	-2.810	30.396
1020.350	-2.810	30.396
1020.360	-2.710	29.610
1020.370	-2.710	29.463
1020.380	-2.710	29.244
1020.390	-2.610	28.731
1020.400	-2.610	28.812
1020.410	-2.610	28.593
1020.420	-2.560	28.160
1020.430	-2.560	27.867
1020.440	-2.560	27.647
1020.450	-2.490	27.208
1020.460	-2.490	27.163
1020.470	-2.490	26.944
1020.480	-2.370	26.424
1020.490	-2.370	26.278
1020.500	-2.370	25.537
1020.510	-2.280	25.464
1020.520	-2.280	25.042
1020.530	-2.280	24.969
1020.540	-2.180	24.396
1020.550	-2.180	24.103
1020.560	-2.180	23.469
1020.570	-2.090	23.249
1020.580	-2.090	23.109
1020.590	-2.090	22.670
1020.600	-2.000	22.450
1020.610	-2.000	22.238
1020.620	-2.000	21.774
1020.630	-1.870	20.882
1020.640	-1.870	20.796
1020.650	-1.870	20.429
1020.660	-1.770	20.210
1020.670	-1.770	19.819
1020.680	-1.770	19.160
1020.690	-1.630	18.767
1020.700	-1.630	18.328
1020.710	-1.630	17.367
1020.720	-1.520	17.221
1020.730	-1.520	17.332
1020.740	-1.520	16.526
1020.750	-1.390	16.087
1020.760	-1.390	15.427
1020.770	-1.390	14.866
1020.780	-1.260	14.500
1020.790	-1.260	14.315
1020.800	-1.260	13.875
1020.810	-1.140	13.622
1020.820	-1.140	12.597
1020.830	-1.140	12.206
1020.840	-1.010	11.913
1020.850	-1.010	11.474
1020.860	-1.010	11.034
1020.870	-0.910	10.375
1020.880	-0.910	10.302
1020.890	-0.910	9.488
1020.900	-0.770	8.975
1020.910	-0.770	8.716
1020.920	-0.770	8.423
1020.930	-0.640	7.544
1020.940	-0.640	7.031
1020.950	-0.640	6.519
1020.960	-0.510	6.372
1020.970	-0.510	6.006
1020.980	-0.510	5.200
1020.990	-0.370	4.687
1021.000	-0.370	4.175
1021.010	-0.370	3.516
1021.020	-0.230	3.076
1021.030	-0.230	2.710
1021.040	-0.230	2.344
1021.050	-0.090	1.831
1021.060	-0.090	1.245
1021.070	-0.090	0.806
1021.080	0.020	0.439
1021.090	0.020	0.073
1021.100	0.020	-0.293
1021.110	0.130	-0.732
1021.120	0.130	-1.099
1021.130	0.130	-1.611
1021.140	0.220	-2.124
1021.150	0.220	-2.490
1021.160	0.220	-2.856
1021.170	0.330	-3.149
1021.180	0.330	-3.516
1021.190	0.330	-4.102
1021.200	0.430	-4.468
1021.210	0.430	-4.761
1021.220	0.430	-5.347
1021.230	0.530	-5.640
1021.240	0.530	-5.640
1021.250	0.530	-6.006
1021.260	0.630	-6.592
1021.270	0.630	-6.885
1021.280	0.630	-7.471
1021.290	0.700	-7.617
1021.300	0.700	-7.690
1021.310	0.700	-8.203
1021.320	0.780	-8.203
1021.330	0.780	-8.854
1021.340	0.780	-9.294
1021.350	0.880	-9.493
1021.360	0.880	-9.640
1021.370	0.880	-10.006
1021.380	0.950	-10.226
1021.390	0.950	-10.405
1021.400	0.950	-11.064
1021.410	1.010	-11.164
1021.420	1.010	-11.530
1021.430	1.010	-11.319
1021.440	1.080	-11.685
1021.450	1.080	-12.380
1021.460	1.080	-12.380
1021.470	1.140	-12.753
1021.480	1.140	-12.753
1021.490	1.140	-13.233
1021.500	1.230	-13.380
1021.510	1.230	-14.085
1021.520	1.230	-14.085
1021.530	1.290	-14.245
1021.540	1.290	-14.392
1021.550	1.290	-14.522
1021.560	1.360	-14.961
1021.570	1.360	-15.028
1021.580	1.360	-15.467
1021.590	1.410	-15.614
1021.600	1.410	-15.687
1021.610	1.410	-15.980
1021.620	1.470	-16.053
1021.630	1.470	-16.406
1021.640	1.470	-16.479
1021.650	1.510	-16.553
1021.660	1.510	-16.992
1021.670	1.510	-17.065
1021.680	1.560	-17.139
1021.690	1.560	-17.285
1021.700	1.560	-17.505
1021.710	1.580	-17.798
1021.720	1.580	-17.578
1021.730	1.580	-17.725
1021.740	1.630	-18.164
1021.750	1.630	-18.164
1021.760	1.630	-18.164
1021.770	1.640	-18.384
1021.780	1.640	-18.457
1021.790	1.640	-18.604
1021.800	1.680	-18.750
1021.810	1.680	-18.750
1021.820	1.680	-18.896
1021.830	1.710	-19.043
1021.840	1.710	-18.970
1021.850	1.710	-19.043
1021.860	1.700	-19.263
1021.870	1.700	-19.263
1021.880	1.700	-19.189
1021.890	1.730	-19.116
1021.900	1.730	-19.189
1021.910	1.730	-19.336
1021.920	1.730	-19.556
1021.930	1.730	-19.482
1021.940	1.730	-19.263
1021.950	1.720	-19.409
1021.960	1.720	-19.263
1021.970	1.720	-19.409
1021.980	1.740	-19.629
1021.990	1.740	-19.263
1022.000	1.740	-19.189
1022.010	1.690	-19.116
1022.020	1.690	-19.043
1022.030	1.690	-19.116
1022.040	1.710	-19.116
1022.050	1.710	-19.043
1022.060	1.710	-18.970
1022.070	1.680	-18.970
1022.080	1.680	-18.896
1022.090	1.680	-18.896
1022.100	1.640	-18.970
1022.110	1.640	-18.677
1022.120	1.640	-18.677
1022.130	1.640	-18.677
1022.140	1.640	-18.384
1022.150	1.640	-18.237
1022.160	1.580	-18.237
1022.170	1.580	-17.871
1022.180	1.580	-17.505
1022.190	1.540	-17.798
1022.200	1.540	-17.505
1022.210	1.540	-17.358
1022.220	1.520	-17.139
1022.230	1.520	-17.033
1022.240	1.520	-17.253
1022.250	1.430	-16.820
1022.260	1.430	-16.454
1022.270	1.430	-16.673
1022.280	1.410	-16.380
1022.290	1.410	-16.258
1022.300	1.410	-16.039
1022.310	1.320	-15.686
1022.320	1.320	-15.612
1022.330	1.320	-15.059
1022.340	1.300	-14.913
1022.350	1.300	-14.898
1022.360	1.300	-14.605
1022.370	1.200	-14.312
1022.380	1.200	-14.019
1022.390	1.200	-13.628
1022.400	1.150	-13.262
1022.410	1.150	-13.558
1022.420	1.150	-12.899
1022.430	1.060	-12.712
1022.440	1.060	-12.273
1022.450	1.060	-12.135
1022.460	0.980	-11.695
1022.470	0.980	-11.207
1022.480	0.980	-11.280
1022.490	0.870	-10.761
1022.500	0.870	-10.761
1022.510	0.870	-9.792
1022.520	0.800	-9.646
1022.530	0.800	-9.572
1022.540	0.800	-9.206
1022.550	0.690	-8.626
1022.560	0.690	-8.626
1022.570	0.690	-8.162
1022.580	0.580	-7.503
1022.590	0.580	-7.274
1022.600	0.580	-6.908
1022.610	0.490	-6.648
1022.620	0.490	-6.355
1022.630	0.490	-5.663
1022.640	0.390	-5.444
1022.650	0.390	-5.266
1022.660	0.390	-4.753
1022.670	0.270	-4.440
1022.680	0.270	-4.147
1022.690	0.270	-3.724
1022.700	0.160	-3.065
1022.710	0.160	-2.747
1022.720	0.160	-2.381
1022.730	0.040	-2.015
1022.740	0.040	-1.575
1022.750	0.040	-1.014
1022.760	-0.070	-0.574
1022.770	-0.070	-0.212
1022.780	-0.070	0.081
1022.790	-0.190	0.494
1022.800	-0.190	0.934
1022.810	-0.190	1.528
1022.820	-0.300	1.967
1022.830	-0.300	2.374
1022.840	-0.300	2.814
1022.850	-0.420	3.273
1022.860	-0.420	3.859
1022.870	-0.420	4.136
1022.880	-0.530	4.429
1022.890	-0.530	4.813
1022.900	-0.530	5.313
1022.910	-0.610	5.459
1022.920	-0.610	5.752
1022.930	-0.610	6.297
1022.940	-0.710	6.517
1022.950	-0.710	6.644
1022.960	-0.710	7.083
1022.970	-0.800	7.522
1022.980	-0.800	8.108
1022.990	-0.800	8.336
1023.000	-0.890	8.350
1023.010	-0.890	8.936
1023.020	-0.890	9.155
1023.030	-0.970	9.521
1023.040	-0.970	9.741
1023.050	-0.970	10.400
1023.060	-1.070	10.474
1023.070	-1.070	10.986
1023.080	-1.070	10.986
1023.090	-1.180	11.646
1023.100	-1.180	12.012
1023.110	-1.180	12.085
1023.120	-1.260	12.744
1023.130	-1.260	12.744
1023.140	-1.260	13.477
1023.150	-1.350	13.623
1023.160	-1.350	13.916
1023.170	-1.350	14.209
1023.180	-1.450	14.795
1023.190	-1.450	14.795
1023.200	-1.450	15.308
1023.210	-1.510	15.747
1023.220	-1.510	15.747
1023.230	-1.510	16.113
1023.240	-1.600	16.553
1023.250	-1.600	17.122
1023.260	-1.600	17.269
1023.270	-1.700	17.449
1023.280	-1.700	17.595
1023.290	-1.700	18.108
1023.300	-1.770	18.401
1023.310	-1.770	18.759
1023.320	-1.770	19.198
1023.330	-1.870	19.312
1023.340	-1.870	19.458
1023.350	-1.870	19.401
1023.360	-1.930	20.133
1023.370	-1.930	20.629
1023.380	-1.930	21.142
1023.390	-2.030	21.222
1023.400	-2.030	21.441
1023.410	-2.030	21.596
1023.420	-2.090	21.962
1023.430	-2.090	22.687
1023.440	-2.090	22.834
1023.450	-2.160	22.987
1023.460	-2.160	23.060
1023.470	-2.160	23.117
1023.480	-2.240	23.337
1023.490	-2.240	23.550
1023.500	-2.240	23.916
1023.510	-2.280	24.136
1023.520	-2.280	24.356
1023.530	-2.280	24.250
1023.540	-2.360	24.836
1023.550	-2.360	25.195
1023.560	-2.360	25.415
1023.570	-2.420	25.781
1023.580	-2.420	25.781
1023.590	-2.420	26.147
1023.600	-2.450	26.147
1023.610	-2.450	26.912
1023.620	-2.450	26.986
1023.630	-2.530	27.165
1023.640	-2.530	27.019
1023.650	-2.530	27.165
1023.660	-2.580	27.458
1023.670	-2.580	27.849
1023.680	-2.580	28.362
1023.690	-2.600	28.362
1023.700	-2.600	28.362
1023.710	-2.600	28.549
1023.720	-2.630	28.549
1023.730	-2.630	28.735
1023.740	-2.630	28.955
1023.750	-2.690	29.115
1023.760	-2.690	29.115
1023.770	-2.690	28.871
1023.780	-2.710	28.797
1023.790	-2.710	29.164
1023.800	-2.710	29.864
1023.810	-2.730	29.304
1023.820	-2.730	29.451
1023.830	-2.730	29.744
1023.840	-2.740	29.744
1023.850	-2.740	29.877
1023.860	-2.740	29.950
1023.870	-2.770	30.170
1023.880	-2.770	30.243
1023.890	-2.770	30.023
1023.900	-2.780	30.056
1023.910	-2.780	30.249
1023.920	-2.780	30.103
1023.930	-2.770	30.542
1023.940	-2.770	30.322
1023.950	-2.770	30.176
1023.960	-2.770	30.688
1023.970	-2.770	30.396
1023.980	-2.770	30.249
1023.990	-2.770	30.542
1024.000	-2.770	30.176
1024.010	-2.770	30.176
1024.020	-2.770	30.322
1024.030	-2.770	30.143
1024.040	-2.770	30.583
1024.050	-2.750	30.583
1024.060	-2.750	29.924
1024.070	-2.750	30.436
1024.080	-2.710	30.436
1024.090	-2.710	29.997
1024.100	-2.710	30.143
1024.110	-2.700	30.143
1024.120	-2.700	30.070
1024.130	-2.700	29.150
1024.140	-2.670	29.150
1024.150	-2.670	29.517
1024.160	-2.670	28.857
1024.170	-2.630	28.857
1024.180	-2.630	28.857
1024.190	-2.630	28.711
1024.200	-2.580	28.711
1024.210	-2.580	28.418
1024.220	-2.580	28.125
1024.230	-2.530	28.125
1024.240	-2.530	27.979
1024.250	-2.530	27.539
1024.260	-2.470	27.539
1024.270	-2.470	27.686
1024.280	-2.470	27.246
1024.290	-2.440	27.246
1024.300	-2.440	26.807
1024.310	-2.440	26.514
1024.320	-2.380	26.514
1024.330	-2.380	26.001
1024.340	-2.380	25.488
1024.350	-2.280	25.488
1024.360	-2.280	25.415
1024.370	-2.280	24.756
1024.380	-2.230	24.756
1024.390	-2.230	24.463
1024.400	-2.230	24.023
1024.410	-2.190	24.023
1024.420	-2.190	23.730
1024.430	-2.190	23.218
1024.440	-2.080	23.218
1024.450	-2.080	23.071
1024.460	-2.080	22.485
1024.470	-1.980	22.485
1024.480	-1.980	22.119
1024.490	-1.980	21.460
1024.500	-1.910	21.460
1024.510	-1.910	21.240
1024.520	-1.910	20.508
1024.530	-1.800	20.508
1024.540	-1.800	20.068
1024.550	-1.800	19.263
1024.560	-1.710	19.263
1024.570	-1.710	18.896
1024.580	-1.710	18.164
1024.590	-1.600	18.164
1024.600	-1.600	17.725
1024.610	-1.600	17.358
1024.620	-1.500	17.358
1024.630	-1.500	16.553
1024.640	-1.500	15.820
1024.650	-1.370	15.820
1024.660	-1.370	15.527
1024.670	-1.370	15.088
1024.680	-1.290	14.502
1024.690	-1.290	14.136
1024.700	-1.290	13.696
1024.710	-1.150	13.070
1024.720	-1.150	12.704
1024.730	-1.150	12.558
1024.740	-1.050	11.825
1024.750	-1.050	11.394
1024.760	-1.050	11.174
1024.770	-0.910	10.662
1024.780	-0.910	10.149
1024.790	-0.910	9.709
1024.800	-0.790	9.343
1024.810	-0.790	8.862
1024.820	-0.790	8.569
1024.830	-0.680	8.070
1024.840	-0.680	7.631
1024.850	-0.680	7.256
1024.860	-0.550	6.743
1024.870	-0.550	6.418
1024.880	-0.550	5.905
1024.890	-0.420	5.226
1024.900	-0.420	4.860
1024.910	-0.420	4.355
1024.920	-0.280	3.696
1024.930	-0.280	3.260
1024.940	-0.280	2.820
1024.950	-0.180	2.381
1024.960	-0.180	1.722
1024.970	-0.180	1.315
1024.980	-0.040	0.948
1024.990	-0.040	0.586
1025.000	-0.040	0.146
1025.010	0.080	-0.133
1025.020	0.080	-0.573
1025.030	0.080	-0.955
1025.040	0.210	-1.321
1025.050	0.210	-1.810
1025.060	0.210	-2.396
1025.070	0.320	-2.795
1025.080	0.320	-3.161
1025.090	0.320	-3.584
1025.100	0.410	-4.170
1025.110	0.410	-4.688
1025.120	0.410	-4.908
1025.130	0.510	-5.221
1025.140	0.510	-5.807
1025.150	0.510	-5.978
1025.160	0.600	-6.124
1025.170	0.600	-6.864
1025.180	0.600	-7.157
1025.190	0.680	-7.237
1025.200	0.680	-7.457
1025.210	0.680	-7.685
1025.220	0.770	-8.417
1025.230	0.770	-8.861
1025.240	0.770	-8.788
1025.250	0.840	-9.194
1025.260	0.840	-9.413
1025.270	0.840	-9.593
1025.280	0.930	-9.739
1025.290	0.930	-10.538
1025.300	0.930	-10.611
1025.310	1.010	-11.131
1025.320	1.010	-10.911
1025.330	1.010	-11.326
1025.340	1.090	-11.912
1025.350	1.090	-12.230
1025.360	1.090	-12.596
1025.370	1.160	-12.609
1025.380	1.160	-13.342
1025.390	1.160	-13.122
1025.400	1.240	-13.488
1025.410	1.240	-14.043
1025.420	1.240	-14.336
1025.430	1.310	-14.476
1025.440	1.310	-14.842
1025.450	1.310	-14.704
1025.460	1.380	-15.070
1025.470	1.380	-15.773
1025.480	1.380	-15.626
1025.490	1.460	-15.979
1025.500	1.460	-16.346
1025.510	1.460	-16.077
1025.520	1.500	-16.590
1025.530	1.500	-16.930
1025.540	1.500	-17.003
1025.550	1.570	-17.689
1025.560	1.570	-17.689
1025.570	1.570	-17.486
1025.580	1.600	-17.852
1025.590	1.600	-18.451
1025.600	1.600	-18.671
1025.610	1.680	-18.717
1025.620	1.680	-18.937
1025.630	1.680	-18.750
1025.640	1.700	-18.970
1025.650	1.700	-19.317
1025.660	1.700	-19.537
1025.670	1.770	-19.770
1025.680	1.770	-19.697
1025.690	1.770	-19.624
1025.700	1.780	-19.550
1025.710	1.780	-20.098
1025.720	1.780	-20.244
1025.730	1.820	-20.491
1025.740	1.820	-20.711
1025.750	1.820	-20.483
1025.760	1.870	-20.849
1025.770	1.870	-20.901
1025.780	1.870	-21.413
1025.790	1.860	-21.154
1025.800	1.860	-21.300
1025.810	1.860	-21.072
1025.820	1.910	-21.219
1025.830	1.910	-21.648
1025.840	1.910	-21.721
1025.850	1.880	-21.721
1025.860	1.880	-21.648
1025.870	1.880	-21.510
1025.880	1.910	-21.510
1025.890	1.910	-21.989
1025.900	1.910	-21.842
1025.910	1.930	-22.135
1025.920	1.930	-21.596
1025.930	1.930	-21.507
1025.940	1.890	-21.360
1025.950	1.890	-21.686
1025.960	1.890	-21.612
1025.970	1.920	-21.413
1025.980	1.920	-21.559
1025.990	1.920	-21.413
1026.000	1.890	-21.632
1026.010	1.890	-21.266
1026.020	1.890	-21.805
1026.030	1.860	-21.366
1026.040	1.860	-21.838
1026.050	1.860	-21.220
1026.060	1.870	-21.093
1026.070	1.870	-21.146
1026.080	1.870	-21.073
1026.090	1.820	-21.073
1026.100	1.820	-20.992
1026.110	1.820	-21.065
1026.120	1.810	-20.459
1026.130	1.810	-20.907
1026.140	1.810	-20.435
1026.150	1.770	-20.435
1026.160	1.770	-20.488
1026.170	1.770	-19.975
1026.180	1.700	-19.975
1026.190	1.700	-19.682
1026.200	1.700	-19.397
1026.210	1.680	-19.397
1026.220	1.680	-19.344
1026.230	1.680	-18.750
1026.240	1.610	-18.750
1026.250	1.610	-18.604
1026.260	1.610	-18.091
1026.270	1.560	-18.091
1026.280	1.560	-18.018
1026.290	1.560	-17.578
1026.300	1.510	-17.578
1026.310	1.510	-17.285
1026.320	1.510	-16.846
1026.330	1.420	-16.846
1026.340	1.420	-16.626
1026.350	1.420	-15.967
1026.360	1.380	-15.967
1026.370	1.380	-15.967
1026.380	1.380	-15.015
1026.390	1.270	-15.015
1026.400	1.270	-15.088
1026.410	1.270	-14.429
1026.420	1.220	-14.429
1026.430	1.220	-14.282
1026.440	1.220	-13.477
1026.450	1.120	-13.477
1026.460	1.120	-13.184
1026.470	1.120	-12.378
1026.480	1.030	-12.378
1026.490	1.030	-12.451
1026.500	1.030	-11.353
1026.510	0.930	-11.353
1026.520	0.930	-11.133
1026.530	0.930	-10.547
1026.540	0.820	-10.547
1026.550	0.820	-10.034
1026.560	0.820	-9.302
1026.570	0.740	-9.302
1026.580	0.740	-9.009
1026.590	0.740	-8.203
1026.600	0.630	-8.203
1026.610	0.630	-8.130
1026.620	0.630	-7.031
1026.630	0.510	-7.031
1026.640	0.510	-6.445
1026.650	0.510	-6.006
1026.660	0.400	-6.006
1026.670	0.400	-5.493
1026.680	0.400	-4.614
1026.690	0.290	-4.614
1026.700	0.290	-4.028
1026.710	0.290	-3.296
1026.720	0.190	-3.296
1026.730	0.190	-3.076
1026.740	0.190	-2.124
1026.750	0.070	-2.124
1026.760	0.070	-1.685
1026.770	0.070	-0.879
1026.780	-0.050	-0.879
1026.790	-0.050	-0.439
1026.800	-0.050	0.439
1026.810	-0.170	0.439
1026.820	-0.170	0.879
1026.830	-0.170	1.758
1026.840	-0.290	1.758
1026.850	-0.290	2.271
1026.860	-0.290	3.076
1026.870	-0.410	3.076
1026.880	-0.410	3.369
1026.890	-0.410	4.175
1026.900	-0.510	4.175
1026.910	-0.510	4.687
1026.920	-0.510	5.493
1026.930	-0.610	5.493
1026.940	-0.610	5.933
1026.950	-0.610	6.226
1026.960	-0.700	6.226
1026.970	-0.700	6.885
1026.980	-0.700	7.837
1026.990	-0.800	7.837
1027.000	-0.800	7.837
1027.010	-0.800	7.983
1027.020	-0.880	8.643
1027.030	-0.880	8.789
1027.040	-0.880	9.229
1027.050	-0.970	9.508
1027.060	-0.970	10.094
1027.070	-0.970	10.094
1027.080	-1.060	10.680
1027.090	-1.060	10.713
1027.100	-1.060	11.445
1027.110	-1.170	11.831
1027.120	-1.170	11.904
1027.130	-1.170	12.417
1027.140	-1.270	12.564
1027.150	-1.270	13.407
1027.160	-1.270	13.334
1027.170	-1.360	13.906
1027.180	-1.360	14.199
1027.190	-1.360	14.460
1027.200	-1.460	15.368
1027.210	-1.460	15.734
1027.220	-1.460	16.027
1027.230	-1.550	16.027
1027.240	-1.550	16.320
1027.250	-1.550	17.247
1027.260	-1.630	17.247
1027.270	-1.630	17.187
1027.280	-1.630	18.140
1027.290	-1.720	18.140
1027.300	-1.720	18.506
1027.310	-1.720	18.750
1027.320	-1.790	18.750
1027.330	-1.790	19.263
1027.340	-1.790	19.629
1027.350	-1.880	19.629
1027.360	-1.880	19.702
1027.370	-1.880	20.581
1027.380	-1.950	20.581
1027.390	-1.950	20.947
1027.400	-1.950	21.387
1027.410	-2.050	21.387
1027.420	-2.050	21.826
1027.430	-2.050	22.485
1027.440	-2.100	22.485
1027.450	-2.100	22.705
1027.460	-2.100	23.291
1027.470	-2.190	23.291
1027.480	-2.190	23.437
1027.490	-2.190	23.877
1027.500	-2.250	23.877
1027.510	-2.250	24.243
1027.520	-2.250	24.756
1027.530	-2.310	24.756
1027.540	-2.310	24.976
1027.550	-2.310	25.562
1027.560	-2.390	25.562
1027.570	-2.390	25.635
1027.580	-2.390	26.001
1027.590	-2.430	26.001
1027.600	-2.430	26.514
1027.610	-2.430	27.100
1027.620	-2.490	27.100
1027.630	-2.490	26.953
1027.640	-2.490	27.246
1027.650	-2.530	27.246
1027.660	-2.530	27.539
1027.670	-2.530	27.979
1027.680	-2.600	27.979
1027.690	-2.600	28.198
1027.700	-2.600	28.638
1027.710	-2.650	28.638
1027.720	-2.650	28.491
1027.730	-2.650	29.077
1027.740	-2.660	29.077
1027.750	-2.660	29.224
1027.760	-2.660	29.004
1027.770	-2.680	29.004
1027.780	-2.680	29.443
1027.790	-2.680	29.590
1027.800	-2.730	29.031
1027.810	-2.730	29.324
1027.820	-2.730	29.763
1027.830	-2.770	29.616
1027.840	-2.770	30.015
1027.850	-2.770	30.015
1027.860	-2.780	30.022
1027.870	-2.780	30.168
1027.880	-2.780	29.802
1027.890	-2.760	30.168
1027.900	-2.760	30.760
1027.910	-2.760	30.467
1027.920	-2.760	30.514
1027.930	-2.760	30.514
1027.940	-2.760	29.969
1027.950	-2.780	30.335
1027.960	-2.780	30.401
1027.970	-2.780	30.182
1027.980	-2.790	30.621
1027.990	-2.790	30.328
1028.000	-2.790	29.929
1028.010	-2.760	30.296
1028.020	-2.760	30.029
1028.030	-2.760	30.103
1028.040	-2.740	30.396
1028.050	-2.740	29.663
1028.060	-2.740	29.956
1028.070	-2.720	30.249
1028.080	-2.720	29.663
1028.090	-2.720	29.736
1028.100	-2.700	29.956
1028.110	-2.700	29.517
1028.120	-2.700	29.443
1028.130	-2.690	29.150
1028.140	-2.690	29.297
1028.150	-2.690	29.443
1028.160	-2.650	28.857
1028.170	-2.650	29.028
1028.180	-2.650	29.102
1028.190	-2.600	28.822
1028.200	-2.600	28.382
1028.210	-2.600	28.236
1028.220	-2.550	28.163
1028.230	-2.550	28.220
1028.240	-2.550	28.000
1028.250	-2.510	27.740
1028.260	-2.510	27.667
1028.270	-2.510	27.130
1028.280	-2.470	26.983
1028.290	-2.470	26.750
1028.300	-2.470	26.531
1028.310	-2.410	26.604
1028.320	-2.410	26.164
1028.330	-2.410	26.034
1028.340	-2.320	25.595
1028.350	-2.320	25.562
1028.360	-2.320	25.521
1028.370	-2.240	25.215
1028.380	-2.240	24.775
1028.390	-2.240	24.816
1028.400	-2.200	24.529
1028.410	-2.200	24.017
1028.420	-2.200	23.797
1028.430	-2.120	23.504
1028.440	-2.120	22.991
1028.450	-2.120	22.625
1028.460	-2.010	22.153
1028.470	-2.010	22.020
1028.480	-2.010	22.101
1028.490	-1.950	21.362
1028.500	-1.950	21.208
1028.510	-1.950	20.622
1028.520	-1.840	20.549
1028.530	-1.840	20.240
1028.540	-1.840	20.167
1028.550	-1.730	19.701
1028.560	-1.730	19.041
1028.570	-1.730	18.822
1028.580	-1.650	18.301
1028.590	-1.650	17.755
1028.600	-1.650	17.462
1028.610	-1.500	17.535
1028.620	-1.500	16.868
1028.630	-1.500	16.518
1028.640	-1.430	16.012
1028.650	-1.430	15.306
1028.660	-1.430	15.526
1028.670	-1.290	14.720
1028.680	-1.290	14.346
1028.690	-1.290	14.053
1028.700	-1.180	13.700
1028.710	-1.180	12.968
1028.720	-1.180	12.756
1028.730	-1.050	11.877
1028.740	-1.050	11.700
1028.750	-1.050	11.553
1028.760	-0.930	10.741
1028.770	-0.930	10.521
1028.780	-0.930	9.650
1028.790	-0.800	8.978
1028.800	-0.800	8.978
1028.810	-0.800	7.952
1028.820	-0.660	7.733
1028.830	-0.660	7.733
1028.840	-0.660	6.585
1028.850	-0.530	6.079
1028.860	-0.530	6.079
1028.870	-0.530	5.127
1028.880	-0.410	5.127
1028.890	-0.410	4.614
1028.900	-0.410	3.589
1028.910	-0.280	3.589
1028.920	-0.280	3.209
1028.930	-0.280	2.697
1028.940	-0.140	2.184
1028.950	-0.140	1.818
1028.960	-0.140	1.378
1028.970	-0.010	0.939
1028.980	-0.010	0.426
1028.990	-0.010	0.060
1029.000	0.120	-0.453
1029.010	0.120	-0.965
1029.020	0.120	-1.392
1029.030	0.250	-1.758
1029.040	0.250	-2.271
1029.050	0.250	-2.856
1029.060	0.350	-3.223
1029.070	0.350	-3.564
1029.080	0.350	-3.931
1029.090	0.450	-4.583
1029.100	0.450	-4.803
1029.110	0.450	-5.169
1029.120	0.540	-5.535
1029.130	0.540	-6.138
1029.140	0.540	-6.431
1029.150	0.640	-6.777
1029.160	0.640	-7.143
1029.170	0.640	-7.314
1029.180	0.740	-7.680
1029.190	0.740	-7.833
1029.200	0.740	-8.419
1029.210	0.840	-8.932
1029.220	0.840	-9.168
1029.230	0.840	-9.518
1029.240	0.940	-9.784
1029.250	0.940	-10.170
1029.260	0.940	-10.317
1029.270	1.030	-11.049
1029.280	1.030	-11.489
1029.290	1.030	-11.782
1029.300	1.120	-11.882
1029.310	1.120	-12.028
1029.320	1.120	-12.744
1029.330	1.190	-12.671
1029.340	1.190	-13.381
1029.350	1.190	-13.747
1029.360	1.270	-13.920
1029.370	1.270	-14.140
1029.380	1.270	-14.433
1029.390	1.360	-14.433
1029.400	1.360	-15.188
1029.410	1.360	-15.774
1029.420	1.430	-15.427
1029.430	1.430	-16.013
1029.440	1.430	-16.209
1029.450	1.520	-16.135
1029.460	1.520	-16.809
1029.470	1.520	-16.929
1029.480	1.570	-17.002
1029.490	1.570	-17.954
1029.500	1.570	-17.612
1029.510	1.650	-17.645
1029.520	1.650	-18.285
1029.530	1.650	-18.431
1029.540	1.710	-18.651
1029.550	1.710	-19.074
1029.560	1.710	-19.253
1029.570	1.770	-19.320
1029.580	1.770	-19.466
1029.590	1.770	-19.393
1029.600	1.810	-19.832
1029.610	1.810	-20.409
1029.620	1.810	-20.556
1029.630	1.870	-20.782
1029.640	1.870	-20.563
1029.650	1.870	-20.725
1029.660	1.900	-20.652
1029.670	1.900	-21.296
1029.680	1.900	-21.515
1029.690	1.950	-21.456
1029.700	1.950	-21.602
1029.710	1.950	-21.358
1029.720	1.960	-21.651
1029.730	1.960	-21.962
1029.740	1.960	-22.401
1029.750	2.000	-22.201
1029.760	2.000	-22.567
1029.770	2.000	-22.323
1029.780	2.020	-22.543
1029.790	2.020	-22.920
1029.800	2.020	-23.067
1029.810	2.040	-22.934
1029.820	2.040	-23.007
1029.830	2.040	-22.763
1029.840	2.060	-22.836
1029.850	2.060	-23.109
1029.860	2.060	-23.182
1029.870	2.060	-23.182
1029.880	2.060	-23.451
1029.890	2.060	-23.207
1029.900	2.070	-23.193
1029.910	2.070	-23.180
1029.920	2.070	-23.253
1029.930	2.070	-23.253
1029.940	2.070	-23.603
1029.950	2.070	-23.457
1029.960	2.040	-23.370
1029.970	2.040	-23.224
1029.980	2.040	-23.028
1029.990	2.060	-22.882
1030.000	2.060	-23.156
1030.010	2.060	-23.156
1030.020	2.030	-23.062
1030.030	2.030	-22.843
1030.040	2.030	-22.420
1030.050	1.990	-22.420
1030.060	1.990	-22.693
1030.070	1.990	-22.766
1030.080	2.000	-22.340
1030.090	2.000	-22.487
1030.100	2.000	-22.007
1030.110	1.950	-22.300
1030.120	1.950	-22.181
1030.130	1.950	-22.474
1030.140	1.900	-21.995
1030.150	1.900	-22.215
1030.160	1.900	-21.515
1030.170	1.880	-21.515
1030.180	1.880	-21.566
1030.190	1.880	-21.300
1030.200	1.800	-21.227
1030.210	1.800	-21.080
1030.220	1.800	-20.853
1030.230	1.780	-20.247
1030.240	1.780	-19.969
1030.250	1.780	-19.969
1030.260	1.700	-19.896
1030.270	1.700	-19.896
1030.280	1.700	-19.378
1030.290	1.640	-19.205
1030.300	1.640	-19.189
1030.310	1.640	-18.823
1030.320	1.590	-18.569
1030.330	1.590	-18.451
1030.340	1.590	-18.072
1030.350	1.500	-17.950
1030.360	1.500	-17.591
1030.370	1.500	-17.152
1030.380	1.430	-17.152
1030.390	1.430	-16.778
1030.400	1.430	-16.281
1030.410	1.340	-15.982
1030.420	1.340	-15.282
1030.430	1.340	-15.201
1030.440	1.240	-15.141
1030.450	1.240	-14.612
1030.460	1.240	-14.311
1030.470	1.160	-13.832
1030.480	1.160	-13.699
1030.490	1.160	-13.267
1030.500	1.050	-12.974
1030.510	1.050	-12.501
1030.520	1.050	-12.667
1030.530	0.990	-12.081
1030.540	0.990	-11.520
1030.550	0.990	-11.243
1030.560	0.870	-10.864
1030.570	0.870	-10.830
1030.580	0.870	-10.025
1030.590	0.760	-9.732
1030.600	0.760	-9.544
1030.610	0.760	-9.072
1030.620	0.650	-8.473
1030.630	0.650	-8.473
1030.640	0.650	-8.009
1030.650	0.540	-7.423
1030.660	0.540	-6.965
1030.670	0.540	-6.379
1030.680	0.420	-6.186
1030.690	0.420	-5.893
1030.700	0.420	-5.128
1030.710	0.290	-4.761
1030.720	0.290	-4.340
1030.730	0.290	-3.681
1030.740	0.170	-3.301
1030.750	0.170	-3.008
1030.760	0.170	-2.601
1030.770	0.040	-2.089
1030.780	0.040	-1.622
1030.790	0.040	-1.183
1030.800	-0.090	-0.690
1030.810	-0.090	-0.308
1030.820	-0.090	0.596
1030.830	-0.200	0.596
1030.840	-0.200	1.022
1030.850	-0.200	2.120
1030.860	-0.330	2.120
1030.870	-0.330	2.560
1030.880	-0.330	3.292
1030.890	-0.430	3.292
1030.900	-0.430	3.605
1030.910	-0.430	4.248
1030.920	-0.540	4.614
1030.930	-0.540	4.980
1030.940	-0.540	5.859
1030.950	-0.630	5.859
1030.960	-0.630	5.859
1030.970	-0.630	6.885
1030.980	-0.720	6.885
1030.990	-0.720	7.178
1031.000	-0.720	7.764
1031.010	-0.820	7.690
1031.020	-0.820	7.983
1031.030	-0.820	8.643
1031.040	-0.930	8.862
1031.050	-0.930	9.302
1031.060	-0.930	9.521
1031.070	-1.020	10.181
1031.080	-1.020	10.254
1031.090	-1.020	10.840
1031.100	-1.110	10.767
1031.110	-1.110	11.572
1031.120	-1.110	11.938
1031.130	-1.190	11.938
1031.140	-1.190	12.378
1031.150	-1.190	12.598
1031.160	-1.300	13.403
1031.170	-1.300	13.257
1031.180	-1.300	13.770
1031.190	-1.410	14.136
1031.200	-1.410	14.575
1031.210	-1.410	14.722
1031.220	-1.490	15.234
1031.230	-1.490	15.820
1031.240	-1.490	16.040
1031.250	-1.590	16.333
1031.260	-1.590	16.772
1031.270	-1.590	17.285
1031.280	-1.670	17.578
1031.290	-1.670	17.725
1031.300	-1.670	18.018
1031.310	-1.760	18.530
1031.320	-1.760	18.750
1031.330	-1.760	18.970
1031.340	-1.850	19.409
1031.350	-1.850	19.629
1031.360	-1.850	19.775
1031.370	-1.940	19.995
1031.380	-1.940	20.361
1031.390	-1.940	20.581
1031.400	-2.000	21.387
1031.410	-2.000	21.240
1031.420	-2.000	21.680
1031.430	-2.090	21.899
1031.440	-2.090	22.192
1031.450	-2.090	22.485
1031.460	-2.150	22.852
1031.470	-2.150	23.242
1031.480	-2.150	23.901
1031.490	-2.240	23.901
1031.500	-2.240	23.975
1031.510	-2.240	24.341
1031.520	-2.290	24.654
1031.530	-2.290	24.800
1031.540	-2.290	24.873
1031.550	-2.350	25.386
1031.560	-2.350	25.313
1031.570	-2.350	25.508
1031.580	-2.440	25.435
1031.590	-2.440	26.094
1031.600	-2.440	26.167
1031.610	-2.480	26.460
1031.620	-2.480	26.440
1031.630	-2.480	26.587
1031.640	-2.520	27.100
1031.650	-2.520	27.173
1031.660	-2.520	27.539
1031.670	-2.590	27.832
1031.680	-2.590	27.832
1031.690	-2.590	27.832
1031.700	-2.630	28.125
1031.710	-2.630	28.198
1031.720	-2.630	28.345
1031.730	-2.650	28.638
1031.740	-2.650	28.784
1031.750	-2.650	28.857
1031.760	-2.680	28.857
1031.770	-2.680	28.857
1031.780	-2.680	29.370
1031.790	-2.730	29.370
1031.800	-2.730	29.297
1031.810	-2.730	29.370
1031.820	-2.760	29.810
1031.830	-2.760	29.810
1031.840	-2.760	29.443
1031.850	-2.760	30.029
1031.860	-2.760	30.103
1031.870	-2.760	29.883
1031.880	-2.780	30.176
1031.890	-2.780	30.103
1031.900	-2.780	30.029
1031.910	-2.800	30.322
1031.920	-2.800	30.103
1031.930	-2.800	30.176
1031.940	-2.800	30.469
1031.950	-2.800	29.883
1031.960	-2.800	30.103
1031.970	-2.790	30.396
1031.980	-2.790	29.810
1031.990	-2.790	30.176
1032.000	-2.770	30.322
1032.010	-2.770	29.883
1032.020	-2.770	29.956
1032.030	-2.760	30.103
1032.040	-2.760	29.883
1032.050	-2.760	29.956
1032.060	-2.750	29.810
1032.070	-2.750	29.810
1032.080	-2.750	29.883
1032.090	-2.730	29.370
1032.100	-2.730	29.443
1032.110	-2.730	29.590
1032.120	-2.670	29.297
1032.130	-2.670	29.004
1032.140	-2.670	28.784
1032.150	-2.630	29.004
1032.160	-2.630	28.638
1032.170	-2.630	28.418
1032.180	-2.600	28.271
1032.190	-2.600	28.052
1032.200	-2.600	27.832
1032.210	-2.550	27.759
1032.220	-2.550	27.612
1032.230	-2.550	27.466
1032.240	-2.500	27.466
1032.250	-2.500	26.880
1032.260	-2.500	26.733
1032.270	-2.420	26.733
1032.280	-2.420	26.440
1032.290	-2.420	26.440
1032.300	-2.360	26.221
1032.310	-2.360	26.074
1032.320	-2.360	25.635
1032.330	-2.320	25.488
1032.340	-2.320	25.195
1032.350	-2.320	25.049
1032.360	-2.240	24.829
1032.370	-2.240	24.316
1032.380	-2.240	24.170
1032.390	-2.130	24.023
1032.400	-2.130	23.364
1032.410	-2.130	22.925
1032.420	-2.050	22.705
1032.430	-2.050	22.559
1032.440	-2.050	22.119
1032.450	-1.990	21.899
1032.460	-1.990	21.606
1032.470	-1.990	21.460
1032.480	-1.890	21.167
1032.490	-1.890	20.435
1032.500	-1.890	20.288
1032.510	-1.790	19.922
1032.520	-1.790	19.849
1032.530	-1.790	19.336
1032.540	-1.690	18.896
1032.550	-1.690	18.530
1032.560	-1.690	18.311
1032.570	-1.520	17.725
1032.580	-1.520	17.358
1032.590	-1.520	17.358
1032.600	-1.500	16.772
1032.610	-1.500	16.553
1032.620	-1.500	16.040
1032.630	-1.380	15.381
1032.640	-1.380	15.454
1032.650	-1.380	14.795
1032.660	-1.260	14.429
1032.670	-1.260	13.843
1032.680	-1.260	13.550
1032.690	-1.140	12.891
1032.700	-1.140	12.817
1032.710	-1.140	12.012
1032.720	-1.020	11.792
1032.730	-1.020	11.499
1032.740	-1.020	10.986
1032.750	-0.900	10.620
1032.760	-0.900	9.880
1032.770	-0.900	9.733
1032.780	-0.760	9.214
1032.790	-0.760	8.774
1032.800	-0.760	8.188
1032.810	-0.640	8.115
1032.820	-0.640	6.927
1032.830	-0.640	6.234
1032.840	-0.520	5.836
1032.850	-0.520	5.624
1032.860	-0.520	5.624
1032.870	-0.410	5.218
1032.880	-0.410	4.639
1032.890	-0.410	4.272
1032.900	-0.270	3.833
1032.910	-0.270	3.174
1032.920	-0.270	2.604
1032.930	-0.130	2.311
1032.940	-0.130	1.978
1032.950	-0.130	1.498
1032.960	0.000	0.912
1032.970	0.000	0.293
1032.980	0.000	-0.146
1032.990	0.130	-0.806
1033.000	0.130	-1.392
1033.010	0.130	-1.831
1033.020	0.260	-2.124
1033.030	0.260	-2.604
1033.040	0.260	-3.044
1033.050	0.370	-3.570
1033.060	0.370	-4.009
1033.070	0.370	-4.302
1033.080	0.470	-4.742
1033.090	0.470	-5.181
1033.100	0.470	-5.327
1033.110	0.570	-5.474
1033.120	0.570	-6.076
1033.130	0.570	-6.548
1033.140	0.660	-6.841
1033.150	0.660	-7.414
1033.160	0.660	-7.560
1033.170	0.750	-7.926
1033.180	0.750	-8.407
1033.190	0.750	-8.407
1033.200	0.850	-9.019
1033.210	0.850	-9.312
1033.220	0.850	-9.662
1033.230	0.930	-9.809
1033.240	0.930	-10.468
1033.250	0.930	-10.248
1033.260	1.010	-10.907
1033.270	1.010	-11.127
1033.280	1.010	-11.452
1033.290	1.110	-11.672
1033.300	1.110	-11.938
1033.310	1.110	-12.671
1033.320	1.200	-12.744
1033.330	1.200	-13.257
1033.340	1.200	-13.184
1033.350	1.280	-13.843
1033.360	1.280	-13.989
1033.370	1.280	-14.355
1033.380	1.360	-14.648
1033.390	1.360	-15.088
1033.400	1.360	-15.161
1033.410	1.440	-15.308
1033.420	1.440	-15.747
1033.430	1.440	-15.894
1033.440	1.500	-16.187
1033.450	1.500	-16.406
1033.460	1.500	-16.846
1033.470	1.580	-17.139
1033.480	1.580	-17.212
1033.490	1.580	-17.505
1033.500	1.640	-18.018
1033.510	1.640	-18.311
1033.520	1.640	-18.457
1033.530	1.710	-18.896
1033.540	1.710	-18.970
1033.550	1.710	-19.189
1033.560	1.770	-19.263
1033.570	1.770	-19.556
1033.580	1.770	-19.922
1033.590	1.840	-20.068
1033.600	1.840	-20.459
1033.610	1.840	-20.312
1033.620	1.880	-20.605
1033.630	1.880	-20.459
1033.640	1.880	-20.972
1033.650	1.950	-21.118
1033.660	1.950	-21.509
1033.670	1.950	-21.729
1033.680	1.960	-21.662
1033.690	1.960	-21.955
1033.700	1.960	-21.784
1033.710	2.040	-22.297
1033.720	2.040	-22.541
1033.730	2.040	-22.907
1033.740	2.100	-22.840
1033.750	2.100	-22.987
1033.760	2.100	-22.816
1033.770	2.100	-22.963
1033.780	2.100	-23.355
1033.790	2.100	-23.501
1033.800	2.110	-23.361
1033.810	2.110	-23.361
1033.820	2.110	-23.264
1033.830	2.120	-23.410
1033.840	2.120	-23.802
1033.850	2.120	-23.875
1033.860	2.170	-23.802
1033.870	2.170	-23.802
1033.880	2.170	-23.623
1033.890	2.140	-23.696
1033.900	2.140	-24.170
1033.910	2.140	-24.243
1033.920	2.170	-24.163
1033.930	2.170	-24.017
1033.940	2.170	-24.057
1033.950	2.180	-23.911
1033.960	2.180	-24.481
1033.970	2.180	-24.334
1033.980	2.140	-24.521
1033.990	2.140	-24.228
1034.000	2.140	-24.187
1034.010	2.160	-23.967
1034.020	2.160	-24.552
1034.030	2.160	-24.405
1034.040	2.130	-24.239
1034.050	2.130	-24.092
1034.060	2.130	-23.742
1034.070	2.110	-23.742
1034.080	2.110	-23.898
1034.090	2.110	-23.898
1034.100	2.090	-23.598
1034.110	2.090	-23.452
1034.120	2.090	-22.947
1034.130	2.040	-22.947
1034.140	2.040	-22.991
1034.150	2.040	-23.065
1034.160	2.010	-22.778
1034.170	2.010	-22.632
1034.180	2.010	-22.144
1034.190	1.970	-22.217
1034.200	1.970	-22.232
1034.210	1.970	-22.451
1034.220	1.900	-22.038
1034.230	1.900	-22.038
1034.240	1.900	-21.501
1034.250	1.870	-21.355
1034.260	1.870	-21.259
1034.270	1.870	-21.185
1034.280	1.790	-20.986
1034.290	1.790	-20.620
1034.300	1.790	-20.392
1034.310	1.730	-19.732
1034.320	1.730	-19.836
1034.330	1.730	-19.616
1034.340	1.660	-19.443
1034.350	1.660	-19.297
1034.360	1.660	-18.727
1034.370	1.590	-18.434
1034.380	1.590	-18.471
1034.390	1.590	-18.105
1034.400	1.510	-17.586
1034.410	1.510	-17.659
1034.420	1.510	-16.739
1034.430	1.420	-16.739
1034.440	1.420	-16.693
1034.450	1.420	-16.107
1034.460	1.330	-15.973
1034.470	1.330	-15.827
1034.480	1.330	-14.891
1034.490	1.230	-14.818
1034.500	1.230	-14.605
1034.510	1.230	-14.165
1034.520	1.120	-13.636
1034.530	1.120	-13.343
1034.540	1.120	-12.904
1034.550	1.030	-12.684
1034.560	1.030	-12.329
1034.570	1.030	-11.890
1034.580	0.910	-11.427
1034.590	0.910	-10.841
1034.600	0.910	-10.255
1034.610	0.800	-10.255
1034.620	0.800	-10.109
1034.630	0.800	-9.669
1034.640	0.700	-9.090
1034.650	0.700	-8.870
1034.660	0.700	-8.480
1034.670	0.590	-7.518
1034.680	0.590	-6.802
1034.690	0.590	-6.802
1034.700	0.460	-6.536
1034.710	0.460	-6.243
1034.720	0.460	-5.583
1034.730	0.340	-5.217
1034.740	0.340	-4.918
1034.750	0.340	-4.332
1034.760	0.210	-4.039
1034.770	0.210	-3.672
1034.780	0.210	-3.176
1034.790	0.080	-2.663
1034.800	0.080	-2.197
1034.810	0.080	-1.831
1034.820	-0.050	-1.392
1034.830	-0.050	-0.806
1034.840	-0.050	-0.146
1034.850	-0.180	0.513
1034.860	-0.180	1.099
1034.870	-0.180	1.465
1034.880	-0.300	1.831
1034.890	-0.300	2.271
1034.900	-0.300	2.783
1034.910	-0.390	3.369
1034.920	-0.390	3.662
1034.930	-0.390	3.882
1034.940	-0.480	4.102
1034.950	-0.480	4.541
1034.960	-0.480	4.907
1034.970	-0.590	5.273
1034.980	-0.590	5.786
1034.990	-0.590	6.152
1035.000	-0.700	6.226
1035.010	-0.700	6.592
1035.020	-0.700	7.178
1035.030	-0.800	7.544
1035.040	-0.800	8.130
1035.050	-0.800	8.057
1035.060	-0.900	8.643
1035.070	-0.900	9.009
1035.080	-0.900	9.302
1035.090	-0.990	9.595
1035.100	-0.990	10.107
1035.110	-0.990	10.474
1035.120	-1.100	10.840
1035.130	-1.100	11.133
1035.140	-1.100	11.499
1035.150	-1.200	12.012
1035.160	-1.200	12.231
1035.170	-1.200	12.378
1035.180	-1.290	12.964
1035.190	-1.290	13.477
1035.200	-1.290	13.550
1035.210	-1.370	14.062
1035.220	-1.370	14.282
1035.230	-1.370	14.502
1035.240	-1.460	14.941
1035.250	-1.460	15.454
1035.260	-1.460	15.454
1035.270	-1.560	16.113
1035.280	-1.560	16.187
1035.290	-1.560	16.553
1035.300	-1.650	17.358
1035.310	-1.650	17.139
1035.320	-1.650	17.505
1035.330	-1.730	18.091
1035.340	-1.730	18.311
1035.350	-1.730	18.530
1035.360	-1.830	19.043
1035.370	-1.830	19.263
1035.380	-1.830	19.336
1035.390	-1.900	19.775
1035.400	-1.900	19.849
1035.410	-1.900	20.508
1035.420	-2.000	20.728
1035.430	-2.000	21.094
1035.440	-2.000	21.167
1035.450	-2.050	21.606
1035.460	-2.050	21.826
1035.470	-2.050	22.119
1035.480	-2.150	22.632
1035.490	-2.150	22.632
1035.500	-2.150	22.925
1035.510	-2.170	23.218
1035.520	-2.170	23.291
1035.530	-2.170	23.511
1035.540	-2.250	23.730
1035.550	-2.250	23.877
1035.560	-2.250	24.023
1035.570	-2.330	24.316
1035.580	-2.330	24.316
1035.590	-2.330	24.756
1035.600	-2.340	25.049
1035.610	-2.340	25.195
1035.620	-2.340	25.488
1035.630	-2.420	25.708
1035.640	-2.420	25.854
1035.650	-2.420	25.781
1035.660	-2.460	26.367
1035.670	-2.460	26.294
1035.680	-2.460	26.807
1035.690	-2.500	26.807
1035.700	-2.500	26.807
1035.710	-2.500	26.807
1035.720	-2.540	26.880
1035.730	-2.540	27.173
1035.740	-2.540	27.393
1035.750	-2.540	27.686
1035.760	-2.540	27.466
1035.770	-2.540	27.539
1035.780	-2.590	27.686
1035.790	-2.590	27.686
1035.800	-2.590	27.832
1035.810	-2.620	27.979
1035.820	-2.620	27.905
1035.830	-2.620	27.905
1035.840	-2.630	28.125
1035.850	-2.630	28.052
1035.860	-2.630	28.125
1035.870	-2.630	28.345
1035.880	-2.630	28.271
1035.890	-2.630	28.418
1035.900	-2.620	28.491
1035.910	-2.620	28.345
1035.920	-2.620	28.491
1035.930	-2.630	28.784
1035.940	-2.630	28.491
1035.950	-2.630	28.418
1035.960	-2.640	28.491
1035.970	-2.640	28.345
1035.980	-2.640	28.491
1035.990	-2.640	28.418
1036.000	-2.640	28.198
1036.010	-2.640	28.271
1036.020	-2.600	28.418
1036.030	-2.600	28.125
1036.040	-2.600	28.125
1036.050	-2.580	28.198
1036.060	-2.580	28.052
1036.070	-2.580	27.979
1036.080	-2.570	27.905
1036.090	-2.570	27.686
1036.100	-2.570	27.759
1036.110	-2.540	27.686
1036.120	-2.540	27.319
1036.130	-2.540	27.173
1036.140	-2.510	27.100
1036.150	-2.510	27.100
1036.160	-2.510	27.026
1036.170	-2.440	27.026
1036.180	-2.440	26.514
1036.190	-2.440	26.367
1036.200	-2.380	26.440
1036.210	-2.380	26.001
1036.220	-2.380	26.074
1036.230	-2.350	25.781
1036.240	-2.350	25.781
1036.250	-2.350	25.269
1036.260	-2.330	25.342
1036.270	-2.330	24.976
1036.280	-2.330	25.049
1036.290	-2.260	24.829
1036.300	-2.260	24.390
1036.310	-2.260	24.390
1036.320	-2.170	24.390
1036.330	-2.170	23.804
1036.340	-2.170	23.437
1036.350	-2.100	23.437
1036.360	-2.100	22.998
1036.370	-2.100	22.705
1036.380	-2.070	22.412
1036.390	-2.070	22.192
1036.400	-2.070	22.046
1036.410	-1.980	21.899
1036.420	-1.980	21.313
1036.430	-1.980	21.387
1036.440	-1.860	20.874
1036.450	-1.860	20.654
1036.460	-1.860	20.215
1036.470	-1.790	20.215
1036.480	-1.790	19.775
1036.490	-1.790	19.263
1036.500	-1.700	19.043
1036.510	-1.700	18.677
1036.520	-1.700	18.164
1036.530	-1.590	17.798
1036.540	-1.590	17.725
1036.550	-1.590	17.285
1036.560	-1.520	16.992
1036.570	-1.520	16.553
1036.580	-1.520	15.967
1036.590	-1.380	15.967
1036.600	-1.380	15.454
1036.610	-1.380	14.795
1036.620	-1.300	14.868
1036.630	-1.300	14.282
1036.640	-1.300	13.916
1036.650	-1.180	13.184
1036.660	-1.180	12.598
1036.670	-1.180	12.598
1036.680	-1.080	12.484
1036.690	-1.080	11.760
1036.700	-1.080	11.247
1036.710	-0.950	11.148
1036.720	-0.950	10.342
1036.730	-0.950	10.269
1036.740	-0.830	9.536
1036.750	-0.830	9.308
1036.760	-0.830	8.576
1036.770	-0.710	8.356
1036.780	-0.710	7.737
1036.790	-0.710	7.363
1036.800	-0.580	6.923
1036.810	-0.580	6.494
1036.820	-0.580	6.128
1036.830	-0.450	5.369
1036.840	-0.450	5.003
1036.850	-0.450	4.498
1036.860	-0.320	3.343
1036.870	-0.320	3.343
1036.880	-0.320	2.976
1036.890	-0.190	2.603
1036.900	-0.190	2.091
1036.910	-0.190	1.521
1036.920	-0.070	1.008
1036.930	-0.070	0.669
1036.940	-0.070	0.303
1036.950	0.100	-0.064
1036.960	0.100	-0.471
1036.970	0.100	-0.837
1036.980	0.190	-1.316
1036.990	0.190	-1.822
1037.000	0.190	-2.408
1037.010	0.320	-2.848
1037.020	0.320	-3.271
1037.030	0.320	-3.857
1037.040	0.450	-4.516
1037.050	0.450	-4.809
1037.060	0.450	-5.151
1037.070	0.560	-5.730
1037.080	0.560	-6.129
1037.090	0.560	-6.422
1037.100	0.640	-6.935
1037.110	0.640	-7.228
1037.120	0.640	-7.830
1037.130	0.730	-7.830
1037.140	0.730	-8.001
1037.150	0.730	-8.947
1037.160	0.830	-8.947
1037.170	0.830	-9.206
1037.180	0.830	-9.645
1037.190	0.920	-10.111
1037.200	0.920	-10.111
1037.210	0.920	-10.404
1037.220	1.000	-10.990
1037.230	1.000	-11.283
1037.240	1.000	-11.614
1037.250	1.080	-11.614
1037.260	1.080	-12.198
1037.270	1.080	-12.705
1037.280	1.170	-12.705
1037.290	1.170	-13.134
1037.300	1.170	-13.647
1037.310	1.260	-13.753
1037.320	1.260	-14.046
1037.330	1.260	-14.486
1037.340	1.330	-14.657
1037.350	1.330	-14.936
1037.360	1.330	-15.392
1037.370	1.420	-15.392
1037.380	1.420	-15.951
1037.390	1.420	-16.301
1037.400	1.500	-16.301
1037.410	1.500	-16.927
1037.420	1.500	-17.074
1037.430	1.560	-17.074
1037.440	1.560	-17.806
1037.450	1.560	-18.026
1037.460	1.650	-18.026
1037.470	1.650	-18.311
1037.480	1.650	-18.530
1037.490	1.700	-18.750
1037.500	1.700	-19.043
1037.510	1.700	-19.482
1037.520	1.780	-19.596
1037.530	1.780	-19.742
1037.540	1.780	-19.596
1037.550	1.830	-19.889
1037.560	1.830	-20.418
1037.570	1.830	-20.784
1037.580	1.900	-20.937
1037.590	1.900	-20.864
1037.600	1.900	-21.157
1037.610	1.930	-21.157
1037.620	1.930	-21.963
1037.630	1.930	-22.110
1037.640	2.010	-22.396
1037.650	2.010	-22.323
1037.660	2.010	-22.526
1037.670	2.030	-22.526
1037.680	2.030	-23.081
1037.690	2.030	-23.227
1037.700	2.100	-23.287
1037.710	2.100	-23.361
1037.720	2.100	-23.247
1037.730	2.120	-23.320
1037.740	2.120	-23.823
1037.750	2.120	-24.043
1037.760	2.150	-23.810
1037.770	2.150	-24.217
1037.780	2.150	-24.094
1037.790	2.200	-24.094
1037.800	2.200	-24.108
1037.810	2.200	-24.254
1037.820	2.180	-24.254
1037.830	2.180	-24.751
1037.840	2.180	-24.328
1037.850	2.240	-24.587
1037.860	2.240	-24.674
1037.870	2.240	-24.853
1037.880	2.220	-24.706
1037.890	2.220	-25.357
1037.900	2.220	-25.357
1037.910	2.230	-25.404
1037.920	2.230	-25.257
1037.930	2.230	-24.981
1037.940	2.260	-24.981
1037.950	2.260	-25.218
1037.960	2.260	-25.218
1037.970	2.220	-24.831
1037.980	2.220	-24.831
1037.990	2.220	-24.400
1038.000	2.230	-24.620
1038.010	2.230	-24.923
1038.020	2.230	-25.216
1038.030	2.230	-24.923
1038.040	2.230	-25.143
1038.050	2.230	-24.793
1038.060	2.180	-24.939
1038.070	2.180	-24.984
1038.080	2.180	-25.130
1038.090	2.180	-24.844
1038.100	2.180	-24.697
1038.110	2.180	-24.201
1038.120	2.150	-24.055
1038.130	2.150	-24.217
1038.140	2.150	-24.071
1038.150	2.100	-23.784
1038.160	2.100	-23.638
1038.170	2.100	-23.321
1038.180	2.090	-23.101
1038.190	2.090	-23.249
1038.200	2.090	-23.249
1038.210	2.020	-22.976
1038.220	2.020	-22.683
1038.230	2.020	-22.227
1038.240	1.970	-22.081
1038.250	1.970	-22.310
1038.260	1.970	-22.017
1038.270	1.940	-21.891
1038.280	1.940	-21.744
1038.290	1.940	-21.663
1038.300	1.840	-21.110
1038.310	1.840	-21.163
1038.320	1.840	-20.651
1038.330	1.810	-20.797
1038.340	1.810	-20.724
1038.350	1.810	-20.268
1038.360	1.700	-20.075
1038.370	1.700	-19.542
1038.380	1.700	-19.176
1038.390	1.670	-18.883
1038.400	1.670	-18.972
1038.410	1.670	-18.532
1038.420	1.560	-18.379
1038.430	1.560	-18.013
1038.440	1.560	-17.574
1038.450	1.490	-17.061
1038.460	1.490	-16.920
1038.470	1.490	-17.067
1038.480	1.390	-16.501
1038.490	1.390	-16.061
1038.500	1.390	-15.500
1038.510	1.300	-15.353
1038.520	1.300	-15.206
1038.530	1.300	-14.653
1038.540	1.210	-14.433
1038.550	1.210	-13.994
1038.560	1.210	-13.522
1038.570	1.090	-12.936
1038.580	1.090	-13.062
1038.590	1.090	-12.476
1038.600	0.990	-12.110
1038.610	0.990	-11.597
1038.620	0.990	-11.093
1038.630	0.880	-11.133
1038.640	0.880	-10.254
1038.650	0.880	-10.034
1038.660	0.750	-9.595
1038.670	0.750	-9.229
1038.680	0.750	-8.569
1038.690	0.650	-8.569
1038.700	0.650	-7.983
1038.710	0.650	-7.471
1038.720	0.530	-7.031
1038.730	0.530	-6.445
1038.740	0.530	-6.226
1038.750	0.400	-5.859
1038.760	0.400	-5.225
1038.770	0.400	-4.858
1038.780	0.280	-4.326
1038.790	0.280	-3.667
1038.800	0.280	-3.447
1038.810	0.160	-3.154
1038.820	0.160	-2.796
1038.830	0.160	-2.283
1038.840	0.040	-1.844
1038.850	0.040	-1.331
1038.860	0.040	-0.940
1038.870	-0.080	-0.501
1038.880	-0.080	-0.057
