% Time (s)	Gyro Output (rads/s)	Input Rate (RPM)	%3/17/202011:43 AM
0.000	0.000	0.000
973.670	-0.040	0.000
973.680	-0.040	0.000
973.690	-0.040	0.000
973.700	-0.040	0.000
973.710	-0.040	0.000
973.720	-0.040	0.000
973.730	-0.040	0.000
973.740	-0.040	0.000
973.750	-0.040	0.000
973.760	-0.040	0.000
973.770	-0.040	0.000
973.780	-0.040	0.000
973.790	-0.040	0.000
973.800	-0.040	0.000
973.810	-0.040	0.000
973.820	-0.040	0.000
973.830	-0.040	0.000
973.840	-0.040	0.000
973.850	-0.040	0.000
973.860	-0.040	0.000
973.870	-0.040	0.000
973.880	-0.040	0.000
973.890	-0.040	0.000
973.900	-0.040	0.000
973.910	-0.040	0.000
973.920	-0.040	0.000
973.930	-0.040	0.000
973.940	-0.040	0.000
973.950	-0.040	0.000
973.960	-0.040	0.000
973.970	-0.040	0.000
973.980	-0.040	0.000
973.990	-0.040	0.000
974.000	-0.040	0.000
974.010	-0.040	0.000
974.020	-0.040	0.000
974.030	-0.040	0.000
974.040	-0.040	0.000
974.050	-0.040	0.000
974.060	-0.040	0.000
974.070	-0.040	0.000
974.080	-0.040	0.000
974.090	-0.040	0.000
974.100	-0.040	0.000
974.110	-0.040	0.000
974.120	-0.040	0.000
974.130	-0.040	0.000
974.140	-0.040	0.000
974.150	-0.040	0.000
974.160	-0.040	0.000
974.170	-0.040	0.000
974.180	-0.040	0.000
974.190	-0.040	0.000
974.200	-0.040	0.000
974.210	-0.040	0.000
974.220	-0.040	0.000
974.230	-0.040	0.000
974.240	-0.040	0.000
974.250	-0.030	0.000
974.260	-0.030	0.000
974.270	-0.030	0.000
974.280	-0.040	0.000
974.290	-0.040	0.000
974.300	-0.040	0.000
974.310	-0.040	0.000
974.320	-0.040	0.000
974.330	-0.040	0.000
974.340	-0.040	0.000
974.350	-0.040	0.000
974.360	-0.040	0.000
974.370	-0.040	0.000
974.380	-0.040	0.000
974.390	-0.040	0.000
974.400	-0.040	0.000
974.410	-0.040	0.000
974.420	-0.040	0.000
974.430	-0.040	0.000
974.440	-0.040	0.000
974.450	-0.040	0.000
974.460	-0.040	0.000
974.470	-0.040	0.000
974.480	-0.040	0.000
974.490	-0.040	0.000
974.500	-0.040	0.000
974.510	-0.040	0.000
974.520	-0.040	0.000
974.530	-0.040	0.000
974.540	-0.040	0.000
974.550	-0.040	0.000
974.560	-0.040	0.000
974.570	-0.040	0.000
974.580	-0.040	0.000
974.590	-0.040	0.000
974.600	-0.040	0.000
974.610	-0.040	0.000
974.620	-0.040	0.000
974.630	-0.040	0.000
974.640	-0.040	0.000
974.650	-0.040	0.000
974.660	-0.040	0.000
974.670	-0.040	0.000
974.680	-0.040	0.000
974.690	-0.040	0.000
974.700	-0.040	0.000
974.710	-0.040	0.000
974.720	-0.040	0.000
974.730	-0.040	0.000
974.740	-0.040	0.000
974.750	-0.040	0.000
974.760	-0.040	0.000
974.770	-0.040	0.000
974.780	-0.040	0.000
974.790	-0.040	0.000
974.800	-0.040	0.000
974.810	-0.040	0.000
974.820	-0.040	0.000
974.830	-0.040	0.000
974.840	-0.040	0.000
974.850	-0.040	0.000
974.860	-0.040	0.000
974.870	-0.040	0.000
974.880	-0.040	0.000
974.890	-0.040	0.000
974.900	-0.040	0.000
974.910	-0.040	0.000
974.920	-0.040	0.000
974.930	-0.040	0.000
974.940	-0.040	0.000
974.950	-0.040	0.000
974.960	-0.040	0.000
974.970	-0.040	0.000
974.980	-0.040	0.000
974.990	-0.040	0.000
975.000	-0.040	0.000
975.010	-0.040	0.000
975.020	-0.040	0.000
975.030	-0.030	0.000
975.040	-0.030	0.000
975.050	-0.030	0.000
975.060	-0.040	0.000
975.070	-0.040	0.000
975.080	-0.040	0.000
975.090	-0.040	0.000
975.100	-0.040	0.000
975.110	-0.040	0.000
975.120	-0.040	0.000
975.130	-0.040	0.000
975.140	-0.040	0.000
975.150	-0.040	0.000
975.160	-0.040	0.000
975.170	-0.040	0.000
975.180	-0.040	0.000
975.190	-0.040	0.000
975.200	-0.040	0.000
975.210	-0.040	0.000
975.220	-0.040	0.000
975.230	-0.040	0.000
975.240	-0.040	0.000
975.250	-0.040	0.000
975.260	-0.040	0.000
975.270	-0.040	0.000
975.280	-0.040	0.000
975.290	-0.040	0.000
975.300	-0.040	0.000
975.310	-0.040	0.000
975.320	-0.040	0.000
975.330	-0.040	0.000
975.340	-0.040	0.000
975.350	-0.040	0.000
975.360	-0.040	0.000
975.370	-0.040	0.000
975.380	-0.040	0.000
975.390	-0.040	0.000
975.400	-0.040	0.000
975.410	-0.040	0.000
975.420	-0.040	0.000
975.430	-0.040	0.000
975.440	-0.040	0.000
975.450	-0.040	0.000
975.460	-0.040	0.000
975.470	-0.040	0.000
975.480	-0.040	0.000
975.490	-0.040	0.000
975.500	-0.040	0.000
975.510	-0.030	0.000
975.520	-0.030	0.000
975.530	-0.030	0.000
975.540	-0.030	0.000
975.550	-0.030	0.000
975.560	-0.030	0.000
975.570	-0.040	0.000
975.580	-0.040	0.000
975.590	-0.040	0.000
975.600	-0.040	0.000
975.610	-0.040	0.000
975.620	-0.040	0.000
975.630	-0.030	0.000
975.640	-0.030	0.000
975.650	-0.030	0.000
975.660	-0.040	0.000
975.670	-0.040	0.000
975.680	-0.040	0.000
975.690	-0.040	0.000
975.700	-0.040	0.000
975.710	-0.040	0.000
975.720	-0.040	0.000
975.730	-0.040	0.000
975.740	-0.040	0.000
975.750	-0.040	0.000
975.760	-0.040	0.000
977.670	-0.040	0.000
977.680	-0.040	0.000
977.690	-0.040	0.000
977.700	-0.040	0.000
977.710	-0.040	0.000
977.720	-0.040	0.000
977.730	-0.040	0.000
977.740	-0.040	0.000
977.750	-0.040	0.220
977.760	-0.100	0.220
977.770	-0.100	0.366
977.780	-0.100	0.659
977.790	-0.180	0.659
977.800	-0.180	0.879
977.810	-0.180	1.611
977.820	-0.240	1.611
977.830	-0.240	1.978
977.840	-0.240	2.563
977.850	-0.300	2.563
977.860	-0.300	2.710
977.870	-0.300	3.223
977.880	-0.350	3.223
977.890	-0.350	3.516
977.900	-0.350	3.589
977.910	-0.390	3.589
977.920	-0.390	3.589
977.930	-0.390	3.809
977.940	-0.420	3.809
977.950	-0.420	4.102
977.960	-0.420	4.321
977.970	-0.450	4.321
977.980	-0.450	4.248
977.990	-0.450	4.541
978.000	-0.460	4.541
978.010	-0.460	4.614
978.020	-0.460	4.614
978.030	-0.470	4.687
978.040	-0.470	4.761
978.050	-0.470	4.687
978.060	-0.480	4.721
978.070	-0.480	4.721
978.080	-0.480	4.721
978.090	-0.470	4.721
978.100	-0.470	4.648
978.110	-0.470	4.574
978.120	-0.440	4.574
978.130	-0.440	4.428
978.140	-0.440	4.135
978.150	-0.410	4.135
978.160	-0.410	4.102
978.170	-0.410	3.955
978.180	-0.350	3.809
978.190	-0.350	3.442
978.200	-0.350	3.223
978.210	-0.290	3.076
978.220	-0.290	2.930
978.230	-0.290	2.783
978.240	-0.210	2.563
978.250	-0.210	2.197
978.260	-0.210	1.904
978.270	-0.130	1.685
978.280	-0.130	1.392
978.290	-0.130	1.172
978.300	-0.040	0.806
978.310	-0.040	0.496
978.320	-0.040	0.057
978.330	0.050	-0.223
978.340	0.050	-0.589
978.350	0.050	-1.028
978.360	0.160	-1.321
978.370	0.160	-1.720
978.380	0.160	-2.086
978.390	0.240	-2.552
978.400	0.240	-2.845
978.410	0.240	-3.122
978.420	0.330	-3.269
978.430	0.330	-3.542
978.440	0.330	-3.908
978.450	0.400	-4.215
978.460	0.400	-4.508
978.470	0.400	-4.768
978.480	0.490	-5.281
978.490	0.490	-5.547
978.500	0.490	-5.620
978.510	0.580	-5.987
978.520	0.580	-6.499
978.530	0.580	-6.752
978.540	0.670	-7.264
978.550	0.670	-7.471
978.560	0.670	-7.690
978.570	0.760	-8.276
978.580	0.760	-8.203
978.590	0.760	-8.789
978.600	0.850	-9.229
978.610	0.850	-9.375
978.620	0.850	-9.668
978.630	0.950	-10.254
978.640	0.950	-10.327
978.650	0.950	-10.620
978.660	1.040	-11.206
978.670	1.040	-11.662
978.680	1.040	-11.955
978.690	1.120	-11.968
978.700	1.120	-12.188
978.710	1.120	-12.847
978.720	1.180	-12.920
978.730	1.180	-13.303
978.740	1.180	-13.815
978.750	1.270	-13.915
978.760	1.270	-14.135
978.770	1.270	-14.192
978.780	1.320	-14.412
978.790	1.320	-14.870
978.800	1.320	-15.530
978.810	1.390	-15.250
978.820	1.390	-15.616
978.830	1.390	-15.820
978.840	1.450	-15.746
978.850	1.450	-16.086
978.860	1.450	-16.452
978.870	1.480	-16.525
978.880	1.480	-16.997
978.890	1.480	-16.818
978.900	1.530	-16.718
978.910	1.530	-17.291
978.920	1.530	-17.218
978.930	1.540	-17.145
978.940	1.540	-17.568
978.950	1.540	-17.787
978.960	1.580	-17.681
978.970	1.580	-17.461
978.980	1.580	-17.502
978.990	1.580	-17.868
979.000	1.580	-17.927
979.010	1.580	-17.781
979.020	1.590	-17.974
979.030	1.590	-17.901
979.040	1.590	-17.844
979.050	1.560	-17.551
979.060	1.560	-17.787
979.070	1.560	-18.154
979.080	1.560	-17.787
979.090	1.560	-17.348
979.100	1.560	-17.389
979.110	1.510	-17.315
979.120	1.510	-17.375
979.130	1.510	-17.301
979.140	1.470	-16.855
979.150	1.470	-17.002
979.160	1.470	-16.432
979.170	1.400	-16.139
979.180	1.400	-16.546
979.190	1.400	-16.326
979.200	1.350	-15.960
979.210	1.350	-15.521
979.220	1.350	-15.268
979.230	1.260	-14.975
979.240	1.260	-14.827
979.250	1.260	-14.754
979.260	1.190	-14.222
979.270	1.190	-13.929
979.280	1.190	-13.155
979.290	1.080	-13.229
979.300	1.080	-12.643
979.310	1.080	-12.570
979.320	1.000	-12.057
979.330	1.000	-11.910
979.340	1.000	-11.406
979.350	0.900	-10.673
979.360	0.900	-10.693
979.370	0.900	-10.107
979.380	0.770	-9.888
979.390	0.770	-9.375
979.400	0.770	-9.009
979.410	0.640	-8.350
979.420	0.640	-7.910
979.430	0.640	-7.397
979.440	0.510	-6.958
979.450	0.510	-6.519
979.460	0.510	-5.762
979.470	0.370	-5.762
979.480	0.370	-4.663
979.490	0.370	-4.297
979.500	0.240	-4.297
979.510	0.240	-3.418
979.520	0.240	-2.832
979.530	0.100	-2.832
979.540	0.100	-2.393
979.550	0.100	-1.514
979.560	-0.020	-1.514
979.570	-0.020	-0.879
979.580	-0.020	0.146
979.590	-0.150	0.146
979.600	-0.150	0.659
979.610	-0.150	1.758
979.620	-0.260	1.758
979.630	-0.260	2.197
979.640	-0.260	3.003
979.650	-0.370	3.003
979.660	-0.370	3.589
979.670	-0.370	4.175
979.680	-0.470	4.175
979.690	-0.470	4.468
979.700	-0.470	5.127
979.710	-0.560	5.127
979.720	-0.560	5.420
979.730	-0.560	6.226
979.740	-0.660	6.226
979.750	-0.660	6.445
979.760	-0.660	7.251
979.770	-0.760	7.251
979.780	-0.760	7.690
979.790	-0.760	8.130
979.800	-0.840	8.130
979.810	-0.840	8.350
979.820	-0.840	8.936
979.830	-0.900	8.936
979.840	-0.900	9.302
979.850	-0.900	9.814
979.860	-0.960	9.814
979.870	-0.960	9.814
979.880	-0.960	10.034
979.890	-1.010	10.034
979.900	-1.010	10.474
979.910	-1.010	10.840
979.920	-1.060	10.840
979.930	-1.060	10.913
979.940	-1.060	11.499
979.950	-1.080	11.499
979.960	-1.080	11.499
979.970	-1.080	11.572
979.980	-1.100	11.572
979.990	-1.100	11.792
980.000	-1.100	11.719
980.010	-1.120	11.719
980.020	-1.120	11.792
980.030	-1.120	12.231
980.040	-1.130	12.231
980.050	-1.130	11.792
980.060	-1.130	11.938
980.070	-1.110	11.938
980.080	-1.110	12.012
980.090	-1.110	11.719
980.100	-1.100	11.719
980.110	-1.100	11.865
980.120	-1.100	11.792
980.130	-1.080	11.479
980.140	-1.080	11.259
980.150	-1.080	11.406
980.160	-1.030	11.113
980.170	-1.030	11.154
980.180	-1.030	10.641
980.190	-0.980	10.960
980.200	-0.980	10.521
980.210	-0.980	10.374
980.220	-0.930	10.082
980.230	-0.930	9.882
980.240	-0.930	9.882
980.250	-0.870	9.516
980.260	-0.870	9.223
980.270	-0.870	8.962
980.280	-0.780	8.742
980.290	-0.780	8.195
980.300	-0.780	8.195
980.310	-0.690	7.835
980.320	-0.690	7.469
980.330	-0.690	7.249
980.340	-0.590	6.810
980.350	-0.590	6.566
980.360	-0.590	6.200
980.370	-0.490	5.587
980.380	-0.490	5.294
980.390	-0.490	5.083
980.400	-0.380	4.570
980.410	-0.380	4.230
980.420	-0.380	3.937
980.430	-0.260	3.557
980.440	-0.260	2.971
980.450	-0.260	2.556
980.460	-0.140	2.190
980.470	-0.140	1.924
980.480	-0.140	1.557
980.490	-0.020	0.985
980.500	-0.020	0.472
980.510	-0.020	-0.073
980.520	0.080	-0.586
980.530	0.080	-1.207
980.540	0.080	-1.547
980.550	0.190	-1.913
980.560	0.190	-2.206
980.570	0.190	-2.499
980.580	0.290	-2.792
980.590	0.290	-3.391
980.600	0.290	-3.758
980.610	0.380	-4.004
980.620	0.380	-4.224
980.630	0.380	-4.614
980.640	0.480	-4.934
980.650	0.480	-5.211
980.660	0.480	-5.577
980.670	0.570	-6.149
980.680	0.570	-6.369
980.690	0.570	-7.061
980.700	0.660	-7.061
980.710	0.660	-7.254
980.720	0.660	-7.767
980.730	0.730	-7.767
980.740	0.730	-8.060
980.750	0.730	-8.808
980.760	0.810	-8.808
980.770	0.810	-8.968
980.780	0.810	-9.627
980.790	0.870	-9.627
980.800	0.870	-9.668
980.810	0.870	-10.254
980.820	0.920	-10.254
980.830	0.920	-10.327
980.840	0.920	-10.547
980.850	0.980	-10.547
980.860	0.980	-11.060
980.870	0.980	-11.572
980.880	1.040	-11.572
980.890	1.040	-11.426
980.900	1.040	-11.938
980.910	1.050	-11.938
980.920	1.050	-12.085
980.930	1.050	-12.012
980.940	1.080	-12.012
980.950	1.080	-12.598
980.960	1.080	-12.211
980.970	1.110	-12.431
980.980	1.110	-12.285
980.990	1.110	-12.797
981.000	1.100	-12.504
981.010	1.100	-12.578
981.020	1.100	-12.578
981.030	1.110	-12.797
981.040	1.110	-12.504
981.050	1.110	-12.358
981.060	1.090	-12.817
981.070	1.090	-12.524
981.080	1.090	-12.524
981.090	1.080	-12.606
981.100	1.080	-12.606
981.110	1.080	-12.020
981.120	1.040	-12.020
981.130	1.040	-11.873
981.140	1.040	-11.873
981.150	0.980	-11.873
981.160	0.980	-11.361
981.170	0.980	-11.214
981.180	0.940	-11.214
981.190	0.940	-11.361
981.200	0.940	-10.327
981.210	0.850	-10.327
981.220	0.850	-10.327
981.230	0.850	-9.741
981.240	0.770	-9.375
981.250	0.770	-9.082
981.260	0.770	-8.789
981.270	0.690	-8.789
981.280	0.690	-8.496
981.290	0.690	-7.764
981.300	0.600	-7.764
981.310	0.600	-7.690
981.320	0.600	-6.665
981.330	0.490	-6.665
981.340	0.490	-5.933
981.350	0.490	-5.640
981.360	0.400	-5.640
981.370	0.400	-5.127
981.380	0.400	-4.395
981.390	0.280	-4.395
981.400	0.280	-3.809
981.410	0.280	-2.710
981.420	0.150	-2.710
981.430	0.150	-2.490
981.440	0.150	-1.611
981.450	0.010	-1.611
981.460	0.010	-1.025
981.470	0.010	-0.146
981.480	-0.120	-0.146
981.490	-0.120	0.293
981.500	-0.120	1.245
981.510	-0.260	1.245
981.520	-0.260	1.831
981.530	-0.260	2.637
981.540	-0.390	2.637
981.550	-0.390	3.076
981.560	-0.390	4.248
981.570	-0.510	4.248
981.580	-0.510	4.614
981.590	-0.510	5.566
981.600	-0.610	5.566
981.610	-0.610	5.786
981.620	-0.610	6.519
981.630	-0.710	6.519
981.640	-0.710	7.031
981.650	-0.710	7.764
981.660	-0.780	7.764
981.670	-0.780	7.764
981.680	-0.780	8.716
981.690	-0.880	8.716
981.700	-0.880	9.009
981.710	-0.880	9.741
981.720	-0.980	9.741
981.730	-0.980	10.107
981.740	-0.980	10.767
981.750	-1.070	10.767
981.760	-1.070	10.840
981.770	-1.070	11.719
981.780	-1.140	11.719
981.790	-1.140	11.719
981.800	-1.140	12.378
981.810	-1.210	12.378
981.820	-1.210	12.891
981.830	-1.210	13.110
981.840	-1.290	13.110
981.850	-1.290	13.477
981.860	-1.290	13.843
981.870	-1.340	13.843
981.880	-1.340	14.062
981.890	-1.340	14.429
981.900	-1.370	14.429
981.910	-1.370	14.722
981.920	-1.370	15.161
981.930	-1.420	15.161
981.940	-1.420	15.015
981.950	-1.420	14.795
981.960	-1.450	15.454
981.970	-1.450	15.234
981.980	-1.450	15.015
981.990	-1.460	15.674
982.000	-1.460	15.527
982.010	-1.460	15.308
982.020	-1.480	15.894
982.030	-1.480	15.674
982.040	-1.480	15.527
982.050	-1.470	16.040
982.060	-1.470	15.820
982.070	-1.470	15.674
982.080	-1.460	16.040
982.090	-1.460	15.747
982.100	-1.460	15.454
982.110	-1.450	15.820
982.120	-1.450	15.625
982.130	-1.450	15.405
982.140	-1.400	15.618
982.150	-1.400	15.032
982.160	-1.400	14.886
982.170	-1.360	14.959
982.180	-1.360	14.748
982.190	-1.360	14.674
982.200	-1.300	14.355
982.210	-1.300	14.135
982.220	-1.300	13.598
982.230	-1.230	13.598
982.240	-1.230	13.206
982.250	-1.230	13.352
982.260	-1.150	12.953
982.270	-1.150	12.660
982.280	-1.150	12.066
982.290	-1.070	11.846
982.300	-1.070	11.824
982.310	-1.070	11.458
982.320	-0.980	11.018
982.330	-0.980	10.579
982.340	-0.980	10.465
982.350	-0.880	9.806
982.360	-0.880	9.717
982.370	-0.880	9.351
982.380	-0.760	8.865
982.390	-0.760	8.279
982.400	-0.760	8.108
982.410	-0.650	7.522
982.420	-0.650	7.278
982.430	-0.650	6.911
982.440	-0.520	6.352
982.450	-0.520	6.059
982.460	-0.520	5.302
982.470	-0.390	4.863
982.480	-0.390	4.560
982.490	-0.390	4.047
982.500	-0.260	3.308
982.510	-0.260	2.942
982.520	-0.260	2.453
982.530	-0.150	2.014
982.540	-0.150	1.548
982.550	-0.150	1.108
982.560	-0.040	0.822
982.570	-0.040	0.382
982.580	-0.040	0.073
982.590	0.060	-0.220
982.600	0.060	-0.449
982.610	0.060	-0.815
982.620	0.160	-1.108
982.630	0.160	-1.621
982.640	0.160	-2.427
982.650	0.260	-2.427
982.660	0.260	-2.799
982.670	0.260	-3.605
982.680	0.360	-3.605
982.690	0.360	-4.118
982.700	0.360	-4.687
982.710	0.450	-4.687
982.720	0.450	-5.054
982.730	0.450	-5.566
982.740	0.540	-5.566
982.750	0.540	-5.933
982.760	0.540	-6.592
982.770	0.600	-6.592
982.780	0.600	-6.592
982.790	0.600	-7.178
982.800	0.660	-7.178
982.810	0.660	-7.544
982.820	0.660	-7.837
982.830	0.720	-7.837
982.840	0.720	-8.130
982.850	0.720	-8.276
982.860	0.770	-8.190
982.870	0.770	-8.776
982.880	0.770	-8.849
982.890	0.800	-8.922
982.900	0.800	-9.248
982.910	0.800	-9.394
982.920	0.840	-9.394
982.930	0.840	-9.541
982.940	0.840	-9.687
982.950	0.860	-9.674
982.960	0.860	-9.980
982.970	0.860	-9.760
982.980	0.860	-9.907
982.990	0.860	-9.980
983.000	0.860	-9.980
983.010	0.890	-10.241
983.020	0.890	-9.874
983.030	0.890	-10.021
983.040	0.880	-9.948
983.050	0.880	-10.034
983.060	0.880	-10.034
983.070	0.860	-9.888
983.080	0.860	-10.107
983.090	0.860	-9.814
983.100	0.840	-10.034
983.110	0.840	-9.668
983.120	0.840	-9.521
983.130	0.800	-9.595
983.140	0.800	-9.465
983.150	0.800	-9.318
983.160	0.760	-9.145
983.170	0.760	-8.998
983.180	0.760	-8.486
983.190	0.700	-8.559
983.200	0.700	-8.193
983.210	0.700	-7.827
983.220	0.610	-7.966
983.230	0.610	-7.600
983.240	0.610	-7.144
983.250	0.530	-6.778
983.260	0.530	-6.431
983.270	0.530	-6.357
983.280	0.460	-6.171
983.290	0.460	-5.658
983.300	0.460	-5.292
983.310	0.360	-5.145
983.320	0.360	-4.916
983.330	0.360	-4.550
983.340	0.250	-4.310
983.350	0.250	-4.017
983.360	0.250	-3.439
983.370	0.140	-2.927
983.380	0.140	-2.674
983.390	0.140	-2.307
983.400	0.050	-1.941
983.410	0.050	-1.502
983.420	0.050	-0.859
983.430	-0.060	-0.419
983.440	-0.060	-0.073
983.450	-0.060	0.293
983.460	-0.190	0.659
983.470	-0.190	1.172
983.480	-0.190	1.831
983.490	-0.320	2.271
983.500	-0.320	2.637
983.510	-0.320	3.076
983.520	-0.440	3.662
983.530	-0.440	4.102
983.540	-0.440	4.395
983.550	-0.540	4.761
983.560	-0.540	5.347
983.570	-0.540	5.640
983.580	-0.640	5.786
983.590	-0.640	6.226
983.600	-0.640	6.592
983.610	-0.740	6.885
983.620	-0.740	7.397
983.630	-0.740	7.690
983.640	-0.850	8.350
983.650	-0.850	8.643
983.660	-0.850	8.643
983.670	-0.950	9.229
983.680	-0.950	9.627
983.690	-0.950	9.993
983.700	-1.020	10.127
983.710	-1.020	10.859
983.720	-1.020	10.786
983.730	-1.110	11.372
983.740	-1.110	11.445
983.750	-1.110	12.544
983.760	-1.210	12.544
983.770	-1.210	12.397
983.780	-1.210	12.951
983.790	-1.280	12.971
983.800	-1.280	13.497
983.810	-1.280	13.570
983.820	-1.340	13.863
983.830	-1.340	14.188
983.840	-1.340	14.481
983.850	-1.410	14.548
983.860	-1.410	14.694
983.870	-1.410	15.134
983.880	-1.470	15.061
983.890	-1.470	15.586
983.900	-1.470	15.952
983.910	-1.510	15.945
983.920	-1.510	16.092
983.930	-1.510	16.133
983.940	-1.560	16.352
983.950	-1.560	16.448
983.960	-1.560	16.815
983.970	-1.570	16.868
983.980	-1.570	16.795
983.990	-1.570	16.762
984.000	-1.590	16.762
984.010	-1.590	17.184
984.020	-1.590	17.257
984.030	-1.610	16.957
984.040	-1.610	17.104
984.050	-1.610	17.161
984.060	-1.580	16.721
984.070	-1.580	17.173
984.080	-1.580	17.392
984.090	-1.580	17.033
984.100	-1.580	16.960
984.110	-1.580	16.691
984.120	-1.550	16.618
984.130	-1.550	16.877
984.140	-1.550	16.730
984.150	-1.510	16.444
984.160	-1.510	16.517
984.170	-1.510	15.939
984.180	-1.470	15.646
984.190	-1.470	15.786
984.200	-1.470	15.713
984.210	-1.390	15.127
984.220	-1.390	15.379
984.230	-1.390	14.981
984.240	-1.320	14.428
984.250	-1.320	14.421
984.260	-1.320	14.128
984.270	-1.240	13.982
984.280	-1.240	13.567
984.290	-1.240	13.420
984.300	-1.140	12.808
984.310	-1.140	12.881
984.320	-1.140	11.896
984.330	-1.050	11.603
984.340	-1.050	11.497
984.350	-1.050	10.984
984.360	-0.940	10.764
984.370	-0.940	10.032
984.380	-0.940	9.226
984.390	-0.820	9.226
984.400	-0.820	8.813
984.410	-0.820	7.788
984.420	-0.600	7.788
984.430	-0.600	7.275
984.440	-0.600	6.104
984.450	-0.470	6.104
984.460	-0.470	5.298
984.470	-0.470	4.492
984.480	-0.350	4.492
984.490	-0.350	3.735
984.500	-0.350	2.856
984.510	-0.220	2.856
984.520	-0.220	2.563
984.530	-0.220	1.538
984.540	-0.100	1.538
984.550	-0.100	1.245
984.560	-0.100	0.513
984.570	0.000	0.513
984.580	0.000	0.073
984.590	0.000	-0.659
984.600	0.100	-0.659
984.610	0.100	-0.952
984.620	0.100	-1.318
984.630	0.210	-1.651
984.640	0.210	-2.017
984.650	0.210	-2.603
984.660	0.310	-2.823
984.670	0.310	-3.165
984.680	0.310	-3.458
984.690	0.400	-4.044
984.700	0.400	-4.410
984.710	0.400	-4.630
984.720	0.480	-4.923
984.730	0.480	-5.485
984.740	0.480	-5.851
984.750	0.560	-5.865
984.760	0.560	-6.524
984.770	0.560	-6.768
984.780	0.660	-6.841
984.790	0.660	-7.386
984.800	0.660	-7.386
984.810	0.720	-7.812
984.820	0.720	-8.325
984.830	0.720	-8.162
984.840	0.770	-8.309
984.850	0.770	-8.735
984.860	0.770	-8.662
984.870	0.810	-9.101
984.880	0.810	-9.321
984.890	0.810	-9.362
984.900	0.870	-9.581
984.910	0.870	-9.888
984.920	0.870	-9.814
984.930	0.900	-9.961
984.940	0.900	-10.254
984.950	0.900	-10.254
984.960	0.930	-10.620
984.970	0.930	-10.254
984.980	0.930	-10.620
984.990	0.950	-10.474
985.000	0.950	-10.767
985.010	0.950	-10.474
985.020	0.940	-10.889
985.030	0.940	-10.889
985.040	0.940	-10.962
985.050	0.940	-10.962
985.060	0.940	-10.522
985.070	0.940	-10.596
985.080	0.920	-10.596
985.090	0.920	-10.889
985.100	0.920	-10.376
985.110	0.880	-10.429
985.120	0.880	-10.429
985.130	0.880	-10.087
985.140	0.860	-10.161
985.150	0.860	-9.803
985.160	0.860	-9.803
985.170	0.820	-9.496
985.180	0.820	-9.350
985.190	0.820	-9.203
985.200	0.750	-9.057
985.210	0.750	-8.857
985.220	0.750	-8.637
985.230	0.680	-8.491
985.240	0.680	-7.905
985.250	0.680	-7.897
985.260	0.600	-7.750
985.270	0.600	-7.324
985.280	0.600	-7.031
985.290	0.500	-6.445
985.300	0.500	-6.372
985.310	0.500	-6.006
985.320	0.410	-5.566
985.330	0.410	-5.160
985.340	0.410	-4.940
985.350	0.310	-4.467
985.360	0.310	-4.101
985.370	0.310	-3.881
985.380	0.190	-3.588
985.390	0.190	-3.238
985.400	0.190	-2.725
985.410	0.070	-2.359
985.420	0.070	-1.993
985.430	0.070	-1.594
985.440	-0.060	-1.082
985.450	-0.060	-0.586
985.460	-0.060	0.073
985.470	-0.180	0.692
985.480	-0.180	1.205
985.490	-0.180	1.661
985.500	-0.310	2.100
985.510	-0.310	2.507
985.520	-0.310	3.093
985.530	-0.430	3.553
985.540	-0.430	3.846
985.550	-0.430	4.122
985.560	-0.530	4.488
985.570	-0.530	5.066
985.580	-0.530	5.359
985.590	-0.630	5.665
985.600	-0.630	6.177
985.610	-0.630	6.430
985.620	-0.730	6.576
985.630	-0.730	7.346
985.640	-0.730	7.712
985.650	-0.830	8.205
985.660	-0.830	8.424
985.670	-0.830	8.327
985.680	-0.930	8.913
985.690	-0.930	9.371
985.700	-0.930	9.738
985.710	-1.010	9.877
985.720	-1.010	10.537
985.730	-1.010	10.260
985.740	-1.090	10.846
985.750	-1.090	10.972
985.760	-1.090	11.631
985.770	-1.160	11.950
985.780	-1.160	11.950
985.790	-1.160	12.211
985.800	-1.240	12.357
985.810	-1.240	13.186
985.820	-1.240	12.893
985.830	-1.300	13.465
985.840	-1.300	13.539
985.850	-1.300	13.726
985.860	-1.360	13.872
985.870	-1.360	14.301
985.880	-1.360	14.448
985.890	-1.410	14.728
985.900	-1.410	14.801
985.910	-1.410	14.638
985.920	-1.430	15.224
985.930	-1.430	15.335
985.940	-1.430	15.335
985.950	-1.480	15.754
985.960	-1.480	15.681
985.970	-1.480	15.372
985.980	-1.490	15.738
985.990	-1.490	15.931
986.000	-1.490	15.857
986.010	-1.490	16.124
986.020	-1.490	16.050
986.030	-1.490	15.660
986.040	-1.510	15.953
986.050	-1.510	16.079
986.060	-1.510	15.712
986.070	-1.470	16.125
986.080	-1.470	15.979
986.090	-1.470	15.433
986.100	-1.450	15.726
986.110	-1.450	15.704
986.120	-1.450	15.338
986.130	-1.420	15.618
986.140	-1.420	15.178
986.150	-1.420	14.779
986.160	-1.370	14.999
986.170	-1.370	14.733
986.180	-1.370	14.586
986.190	-1.320	14.340
986.200	-1.320	14.193
986.210	-1.320	13.730
986.220	-1.240	13.656
986.230	-1.240	13.279
986.240	-1.240	13.279
986.250	-1.140	13.019
986.260	-1.140	12.507
986.270	-1.140	12.067
986.280	-1.080	11.847
986.290	-1.080	11.801
986.300	-1.080	11.361
986.310	-0.980	10.849
986.320	-0.980	10.735
986.330	-0.980	10.466
986.340	-0.880	9.814
986.350	-0.880	9.561
986.360	-0.880	9.268
986.370	-0.770	8.755
986.380	-0.770	8.242
986.390	-0.770	8.096
986.400	-0.650	7.530
986.410	-0.650	7.237
986.420	-0.650	6.692
986.430	-0.530	6.252
986.440	-0.530	6.075
986.450	-0.530	5.415
986.460	-0.400	4.956
986.470	-0.400	4.590
986.480	-0.400	4.004
986.490	-0.260	3.345
986.500	-0.260	2.893
986.510	-0.260	2.454
986.520	-0.120	1.941
986.530	-0.120	1.429
986.540	-0.120	0.867
986.550	0.020	0.501
986.560	0.020	0.138
986.570	0.020	-0.228
986.580	0.130	-0.574
986.590	0.130	-0.940
986.600	0.130	-1.461
986.610	0.250	-1.974
986.620	0.250	-2.413
986.630	0.250	-2.780
986.640	0.340	-3.219
986.650	0.340	-3.805
986.660	0.340	-4.228
986.670	0.430	-4.521
986.680	0.430	-4.834
986.690	0.430	-5.347
986.700	0.530	-5.640
986.710	0.530	-5.713
986.720	0.530	-6.250
986.730	0.610	-6.683
986.740	0.610	-6.756
986.750	0.610	-6.903
986.760	0.690	-7.269
986.770	0.690	-7.562
986.780	0.690	-8.221
986.790	0.780	-8.294
986.800	0.780	-8.441
986.810	0.780	-8.953
986.820	0.850	-8.929
986.830	0.850	-9.302
986.840	0.850	-9.888
986.850	0.900	-9.888
986.860	0.900	-9.993
986.870	0.900	-10.579
986.880	0.950	-10.273
986.890	0.950	-10.566
986.900	0.950	-10.786
986.910	1.010	-11.079
986.920	1.010	-11.185
986.930	1.010	-11.185
986.940	1.040	-11.511
986.950	1.040	-11.657
986.960	1.040	-11.625
986.970	1.050	-11.478
986.980	1.050	-11.833
986.990	1.050	-12.200
987.000	1.080	-12.033
987.010	1.080	-11.960
987.020	1.080	-12.001
987.030	1.080	-12.294
987.040	1.080	-12.220
987.050	1.080	-12.146
987.060	1.060	-12.120
987.070	1.060	-12.266
987.080	1.060	-11.998
987.090	1.060	-11.851
987.100	1.060	-12.058
987.110	1.060	-12.132
987.120	1.030	-11.899
987.130	1.030	-11.606
987.140	1.030	-11.573
987.150	0.980	-11.573
987.160	0.980	-11.469
987.170	0.980	-11.176
987.180	0.930	-11.156
987.190	0.930	-10.864
987.200	0.930	-10.823
987.210	0.880	-10.090
987.220	0.880	-10.364
987.230	0.880	-9.998
987.240	0.800	-9.772
987.250	0.800	-9.479
987.260	0.800	-9.169
987.270	0.720	-8.657
987.280	0.720	-8.701
987.290	0.720	-8.335
987.300	0.620	-7.769
987.310	0.620	-7.915
987.320	0.620	-7.362
987.330	0.520	-6.996
987.340	0.520	-6.604
987.350	0.520	-6.018
987.360	0.420	-5.898
987.370	0.420	-5.751
987.380	0.420	-5.068
987.390	0.320	-4.702
987.400	0.320	-4.413
987.410	0.320	-3.827
987.420	0.200	-3.374
987.430	0.200	-3.081
987.440	0.200	-2.748
987.450	0.080	-2.381
987.460	0.080	-1.915
987.470	0.080	-1.403
987.480	-0.040	-1.036
987.490	-0.040	-0.597
987.500	-0.040	-0.133
987.510	-0.150	0.233
987.520	-0.150	0.586
987.530	-0.150	1.025
987.540	-0.260	1.465
987.550	-0.260	1.904
987.560	-0.260	2.417
987.570	-0.350	2.710
987.580	-0.350	2.930
987.590	-0.350	3.223
987.600	-0.440	3.516
987.610	-0.440	4.102
987.620	-0.440	4.468
987.630	-0.530	4.761
987.640	-0.530	5.200
987.650	-0.530	5.493
987.660	-0.630	5.566
987.670	-0.630	5.859
987.680	-0.630	6.665
987.690	-0.720	6.958
987.700	-0.720	7.397
987.710	-0.720	7.471
987.720	-0.820	7.617
987.730	-0.820	8.130
987.740	-0.820	8.276
987.750	-0.890	8.716
987.760	-0.890	9.082
987.770	-0.890	9.302
987.780	-0.970	9.521
987.790	-0.970	9.847
987.800	-0.970	10.198
987.810	-1.030	10.930
987.820	-1.030	10.857
987.830	-1.030	11.223
987.840	-1.090	11.077
987.850	-1.090	11.589
987.860	-1.090	11.809
987.870	-1.140	11.809
987.880	-1.140	11.809
987.890	-1.140	11.850
987.900	-1.180	12.116
987.910	-1.180	12.458
987.920	-1.180	12.092
987.930	-1.200	12.531
987.940	-1.200	12.596
987.950	-1.200	13.036
987.960	-1.240	12.570
987.970	-1.240	13.082
987.980	-1.240	13.082
987.990	-1.250	13.155
988.000	-1.250	13.303
988.010	-1.250	13.303
988.020	-1.260	13.603
988.030	-1.260	13.090
988.040	-1.260	13.318
988.050	-1.260	13.172
988.060	-1.260	13.418
988.070	-1.260	13.125
988.080	-1.220	13.052
988.090	-1.220	13.426
988.100	-1.220	12.905
988.110	-1.210	12.985
988.120	-1.210	12.686
988.130	-1.210	13.052
988.140	-1.170	12.393
988.150	-1.170	12.694
988.160	-1.170	12.474
988.170	-1.120	12.354
988.180	-1.120	11.988
988.190	-1.120	11.687
988.200	-1.070	11.687
988.210	-1.070	11.461
988.220	-1.070	11.168
988.230	-0.980	10.801
988.240	-0.980	10.948
988.250	-0.980	10.207
988.260	-0.910	10.134
988.270	-0.910	9.668
988.280	-0.910	9.448
988.290	-0.800	9.155
988.300	-0.800	8.936
988.310	-0.800	8.350
988.320	-0.680	8.203
988.330	-0.680	7.983
988.340	-0.680	7.324
988.350	-0.590	6.885
988.360	-0.590	6.445
988.370	-0.590	6.299
988.380	-0.500	6.152
988.390	-0.500	5.493
988.400	-0.500	4.980
988.410	-0.390	4.614
988.420	-0.390	4.102
988.430	-0.390	3.589
988.440	-0.270	3.296
988.450	-0.270	3.076
988.460	-0.270	2.637
988.470	-0.140	2.051
988.480	-0.140	1.538
988.490	-0.140	1.099
988.500	-0.010	0.659
988.510	-0.010	0.293
988.520	-0.010	-0.073
988.530	0.110	-0.513
988.540	0.110	-0.952
988.550	0.110	-1.392
988.560	0.240	-1.904
988.570	0.240	-2.490
988.580	0.240	-3.003
988.590	0.350	-3.223
988.600	0.350	-3.516
988.610	0.350	-3.955
988.620	0.450	-4.468
988.630	0.450	-4.834
988.640	0.450	-5.127
988.650	0.540	-5.859
988.660	0.540	-6.079
988.670	0.540	-6.079
988.680	0.620	-6.592
988.690	0.620	-6.958
988.700	0.620	-7.324
988.710	0.720	-7.910
988.720	0.720	-7.910
988.730	0.720	-8.350
988.740	0.820	-8.789
988.750	0.820	-8.862
988.760	0.820	-9.302
988.770	0.890	-9.668
988.780	0.890	-9.814
988.790	0.890	-10.034
988.800	0.960	-10.620
988.810	0.960	-10.400
988.820	0.960	-10.986
988.830	1.030	-11.133
988.840	1.030	-11.499
988.850	1.030	-11.426
988.860	1.090	-11.719
988.870	1.090	-12.085
988.880	1.090	-12.158
988.890	1.130	-12.524
988.900	1.130	-12.378
988.910	1.130	-13.037
988.920	1.170	-12.744
988.930	1.170	-13.037
988.940	1.170	-12.964
988.950	1.200	-13.403
988.960	1.200	-13.330
988.970	1.200	-13.330
988.980	1.230	-13.696
988.990	1.230	-13.477
989.000	1.230	-13.696
989.010	1.220	-13.696
989.020	1.220	-13.770
989.030	1.220	-13.770
989.040	1.230	-13.843
989.050	1.230	-13.843
989.060	1.230	-13.770
989.070	1.220	-13.843
989.080	1.220	-13.770
989.090	1.220	-13.770
989.100	1.200	-13.770
989.110	1.200	-13.330
989.120	1.200	-13.696
989.130	1.160	-13.403
989.140	1.160	-13.257
989.150	1.160	-13.257
989.160	1.120	-13.110
989.170	1.120	-12.964
989.180	1.120	-12.524
989.190	1.070	-12.891
989.200	1.070	-12.305
989.210	1.070	-12.231
989.220	1.000	-11.792
989.230	1.000	-11.792
989.240	1.000	-11.572
989.250	0.920	-10.913
989.260	0.920	-10.913
989.270	0.920	-10.474
989.280	0.840	-10.474
989.290	0.840	-9.888
989.300	0.840	-9.595
989.310	0.750	-9.375
989.320	0.750	-9.082
989.330	0.750	-8.569
989.340	0.650	-8.350
989.350	0.650	-8.276
989.360	0.650	-7.617
989.370	0.550	-7.251
989.380	0.550	-6.592
989.390	0.550	-6.299
989.400	0.430	-6.152
989.410	0.430	-5.566
989.420	0.430	-5.127
989.430	0.310	-4.761
989.440	0.310	-3.687
989.450	0.310	-3.687
989.460	0.180	-3.447
989.470	0.180	-3.154
989.480	0.180	-2.861
989.490	0.060	-2.275
989.500	0.060	-1.835
989.510	0.060	-1.469
989.520	-0.050	-1.030
989.530	-0.050	-0.517
989.540	-0.050	-0.078
989.550	-0.170	0.386
989.560	-0.170	0.879
989.570	-0.170	1.245
989.580	-0.260	1.758
989.590	-0.260	2.124
989.600	-0.260	2.637
989.610	-0.370	3.076
989.620	-0.370	3.296
989.630	-0.370	3.442
989.640	-0.470	3.735
989.650	-0.470	4.321
989.660	-0.470	4.687
989.670	-0.570	5.054
989.680	-0.570	5.493
989.690	-0.570	5.786
989.700	-0.660	5.859
989.710	-0.660	6.079
989.720	-0.660	6.738
989.730	-0.730	7.178
989.740	-0.730	7.617
989.750	-0.730	7.617
989.760	-0.810	7.690
989.770	-0.810	8.276
989.780	-0.810	8.350
989.790	-0.900	8.789
989.800	-0.900	9.082
989.810	-0.900	9.229
989.820	-0.960	9.521
989.830	-0.960	9.668
989.840	-0.960	9.961
989.850	-1.010	10.034
989.860	-1.010	10.693
989.870	-1.010	10.547
989.880	-1.070	10.913
989.890	-1.070	10.872
989.900	-1.070	11.385
989.910	-1.100	11.572
989.920	-1.100	11.498
989.930	-1.100	11.498
989.940	-1.140	11.718
989.950	-1.140	12.011
989.960	-1.140	11.864
989.970	-1.150	11.864
989.980	-1.150	12.247
989.990	-1.150	12.361
990.000	-1.150	12.214
990.010	-1.150	12.248
990.020	-1.150	12.614
990.030	-1.170	12.614
990.040	-1.170	12.248
990.050	-1.170	12.321
990.060	-1.140	12.321
990.070	-1.140	12.614
990.080	-1.140	11.919
990.090	-1.130	11.992
990.100	-1.130	11.919
990.110	-1.130	11.992
990.120	-1.090	11.626
990.130	-1.090	11.406
990.140	-1.090	11.552
990.150	-1.060	11.479
990.160	-1.060	11.259
990.170	-1.060	10.673
990.180	-1.010	10.986
990.190	-1.010	10.620
990.200	-1.010	10.474
990.210	-0.930	10.181
990.220	-0.930	9.888
990.230	-0.930	9.961
990.240	-0.870	9.595
990.250	-0.870	9.229
990.260	-0.870	9.009
990.270	-0.780	8.862
990.280	-0.780	8.203
990.290	-0.780	8.130
990.300	-0.680	7.837
990.310	-0.680	7.397
990.320	-0.680	7.251
990.330	-0.580	6.812
990.340	-0.580	6.372
990.350	-0.580	6.006
990.360	-0.470	5.420
990.370	-0.470	5.127
990.380	-0.470	4.761
990.390	-0.350	4.248
990.400	-0.350	3.809
990.410	-0.350	3.589
990.420	-0.220	3.223
990.430	-0.220	2.637
990.440	-0.220	2.197
990.450	-0.120	1.831
990.460	-0.120	1.538
990.470	-0.120	1.099
990.480	0.000	0.659
990.490	0.000	0.073
990.500	0.000	-0.513
990.510	0.130	-1.025
990.520	0.130	-1.392
990.530	0.130	-1.831
990.540	0.270	-2.197
990.550	0.270	-2.710
990.560	0.270	-3.296
990.570	0.390	-3.662
990.580	0.390	-4.028
990.590	0.390	-4.997
990.600	0.510	-5.290
990.610	0.510	-5.729
990.620	0.510	-5.729
990.630	0.610	-6.295
990.640	0.610	-6.588
990.650	0.610	-7.101
990.660	0.710	-7.467
990.670	0.710	-7.613
990.680	0.710	-8.126
990.690	0.790	-8.110
990.700	0.790	-8.671
990.710	0.790	-9.111
990.720	0.870	-9.251
990.730	0.870	-9.564
990.740	0.870	-10.003
990.750	0.950	-10.296
990.760	0.950	-10.320
990.770	0.950	-10.980
990.780	1.030	-11.013
990.790	1.030	-11.452
990.800	1.030	-11.257
990.810	1.100	-11.697
990.820	1.100	-12.362
990.830	1.100	-12.289
990.840	1.160	-12.655
990.850	1.160	-12.639
990.860	1.160	-13.274
990.870	1.210	-13.087
990.880	1.210	-13.974
990.890	1.210	-14.120
990.900	1.260	-14.120
990.910	1.260	-14.193
990.920	1.260	-14.413
990.930	1.300	-14.413
990.940	1.300	-14.560
990.950	1.300	-14.649
990.960	1.330	-14.649
990.970	1.330	-15.055
990.980	1.330	-15.129
990.990	1.340	-14.655
991.000	1.340	-15.021
991.010	1.340	-15.021
991.020	1.430	-14.875
991.030	1.430	-15.241
991.040	1.430	-15.021
991.050	1.350	-15.021
991.060	1.350	-15.095
991.070	1.350	-14.948
991.080	1.320	-15.095
991.090	1.320	-15.088
991.100	1.320	-14.941
991.110	1.310	-15.088
991.120	1.310	-14.648
991.130	1.310	-14.648
991.140	1.270	-14.941
991.150	1.270	-14.429
991.160	1.270	-14.355
991.170	1.220	-14.282
991.180	1.220	-13.989
991.190	1.220	-13.696
991.200	1.170	-13.696
991.210	1.170	-13.330
991.220	1.170	-13.403
991.230	1.100	-13.037
991.240	1.100	-12.378
991.250	1.100	-12.524
991.260	1.010	-12.231
991.270	1.010	-11.808
991.280	1.010	-11.589
991.290	0.920	-11.355
991.300	0.920	-11.136
991.310	0.920	-10.550
991.320	0.840	-10.184
991.330	0.840	-9.817
991.340	0.840	-9.378
991.350	0.720	-8.719
991.360	0.720	-8.353
991.370	0.720	-8.043
991.380	0.490	-7.271
991.390	0.490	-6.698
991.400	0.490	-5.819
991.410	0.360	-5.453
991.420	0.360	-5.014
991.430	0.360	-4.501
991.440	0.230	-4.135
991.450	0.230	-3.695
991.460	0.230	-3.036
991.470	0.110	-2.524
991.480	0.110	-2.124
991.490	0.110	-1.831
991.500	-0.010	-1.538
991.510	-0.010	-1.099
991.520	-0.010	-0.659
991.530	-0.120	-0.146
991.540	-0.120	0.293
991.550	-0.120	0.806
991.560	-0.230	1.172
991.570	-0.230	1.538
991.580	-0.230	1.831
991.590	-0.330	2.124
991.600	-0.330	2.490
991.610	-0.330	3.003
991.620	-0.430	3.662
991.630	-0.430	3.882
991.640	-0.430	4.175
991.650	-0.530	4.541
991.660	-0.530	4.907
991.670	-0.530	5.200
991.680	-0.640	5.566
991.690	-0.640	6.226
991.700	-0.640	6.592
991.710	-0.720	6.812
991.720	-0.720	7.031
991.730	-0.720	7.251
991.740	-0.790	7.690
991.750	-0.790	7.983
991.760	-0.790	8.203
991.770	-0.880	8.789
991.780	-0.880	8.862
991.790	-0.880	9.082
991.800	-0.960	9.448
991.810	-0.960	9.741
991.820	-0.960	9.814
991.830	-1.020	10.181
991.840	-1.020	10.474
991.850	-1.020	10.620
991.860	-1.080	10.913
991.870	-1.080	10.693
991.880	-1.080	11.426
991.890	-1.120	11.572
991.900	-1.120	11.499
991.910	-1.120	11.719
991.920	-1.160	12.012
991.930	-1.160	12.305
991.940	-1.160	12.085
991.950	-1.190	12.378
991.960	-1.190	12.378
991.970	-1.190	12.891
991.980	-1.200	12.451
991.990	-1.200	12.760
992.000	-1.200	12.980
992.010	-1.210	12.794
992.020	-1.210	12.647
992.030	-1.210	12.720
992.040	-1.200	13.087
992.050	-1.200	12.761
992.060	-1.200	13.054
992.070	-1.190	12.655
992.080	-1.190	12.948
992.090	-1.190	12.272
992.100	-1.150	12.492
992.110	-1.150	12.499
992.120	-1.150	12.646
992.130	-1.130	12.053
992.140	-1.130	12.053
992.150	-1.130	11.866
992.160	-1.050	11.573
992.170	-1.050	11.403
992.180	-1.050	11.256
992.190	-1.000	11.303
992.200	-1.000	10.717
992.210	-1.000	10.603
992.220	-0.930	9.944
992.230	-0.930	10.284
992.240	-0.930	9.772
992.250	-0.850	9.485
992.260	-0.850	9.266
992.270	-0.850	9.030
992.280	-0.770	8.370
992.290	-0.770	8.185
992.300	-0.770	8.112
992.310	-0.660	7.619
992.320	-0.660	7.400
992.330	-0.660	6.920
992.340	-0.550	6.553
992.350	-0.550	6.294
992.360	-0.550	5.635
992.370	-0.450	5.242
992.380	-0.450	4.949
992.390	-0.450	4.429
992.400	-0.330	3.989
992.410	-0.330	3.701
992.420	-0.330	3.408
992.430	-0.200	2.815
992.440	-0.200	2.376
992.450	-0.200	1.676
992.460	-0.080	1.676
992.470	-0.080	1.336
992.480	-0.080	0.384
992.490	0.030	0.384
992.500	0.030	-0.275
992.510	0.030	-0.786
992.520	0.150	-1.225
992.530	0.150	-1.511
992.540	0.150	-1.878
992.550	0.270	-2.317
992.560	0.270	-2.903
992.570	0.270	-3.416
992.580	0.400	-3.709
992.590	0.400	-4.075
992.600	0.400	-4.661
992.610	0.520	-5.054
992.620	0.520	-5.347
992.630	0.520	-5.859
992.640	0.620	-6.445
992.650	0.620	-6.738
992.660	0.620	-7.178
992.670	0.710	-7.471
992.680	0.710	-7.690
992.690	0.710	-8.203
992.700	0.800	-8.203
992.710	0.800	-8.862
992.720	0.800	-9.155
992.730	0.890	-9.448
992.740	0.890	-9.668
992.750	0.890	-10.107
992.760	0.970	-10.254
992.770	0.970	-10.400
992.780	0.970	-10.913
992.790	1.040	-11.353
992.800	1.040	-11.572
992.810	1.040	-11.572
992.820	1.110	-11.938
992.830	1.110	-12.451
992.840	1.110	-12.378
992.850	1.160	-12.744
992.860	1.160	-13.110
992.870	1.160	-13.257
992.880	1.210	-13.550
992.890	1.210	-13.330
992.900	1.210	-13.770
992.910	1.260	-13.843
992.920	1.260	-13.989
992.930	1.260	-14.136
992.940	1.290	-14.429
992.950	1.290	-14.355
992.960	1.290	-14.575
992.970	1.320	-14.575
992.980	1.320	-14.746
992.990	1.320	-15.186
993.000	1.320	-14.779
993.010	1.320	-14.999
993.020	1.320	-15.146
993.030	1.330	-14.779
993.040	1.330	-15.251
993.050	1.330	-14.825
993.060	1.320	-14.825
993.070	1.320	-15.281
993.080	1.320	-14.890
993.090	1.290	-14.597
993.100	1.290	-14.930
993.110	1.290	-14.857
993.120	1.260	-14.857
993.130	1.260	-14.637
993.140	1.260	-14.239
993.150	1.230	-14.239
993.160	1.230	-14.152
993.170	1.230	-13.696
993.180	1.170	-13.696
993.190	1.170	-13.770
993.200	1.170	-13.257
993.210	1.100	-13.064
993.220	1.100	-12.405
993.230	1.100	-12.771
993.240	1.040	-12.185
993.250	1.040	-11.802
993.260	1.040	-11.616
993.270	0.950	-11.616
993.280	0.950	-11.421
993.290	0.950	-10.615
993.300	0.850	-10.662
993.310	0.850	-10.195
993.320	0.850	-10.049
993.330	0.750	-9.536
993.340	0.750	-9.227
993.350	0.750	-8.584
993.360	0.650	-8.364
993.370	0.650	-7.818
993.380	0.650	-7.355
993.390	0.550	-7.281
993.400	0.550	-7.015
993.410	0.550	-6.722
993.420	0.430	-6.109
993.430	0.430	-5.377
993.440	0.430	-5.027
993.450	0.290	-4.661
993.460	0.290	-4.173
993.470	0.290	-3.806
993.480	0.160	-3.427
993.490	0.160	-2.841
993.500	0.160	-2.182
993.510	0.040	-1.742
993.520	0.040	-1.476
993.530	0.040	-1.110
993.540	-0.080	-0.757
993.550	-0.080	-0.244
993.560	-0.080	0.220
993.570	-0.190	0.732
993.580	-0.190	1.110
993.590	-0.190	1.403
993.600	-0.310	1.742
993.610	-0.310	2.182
993.620	-0.310	2.768
993.630	-0.420	3.280
993.640	-0.420	3.635
993.650	-0.420	3.928
993.660	-0.510	4.375
993.670	-0.510	4.741
993.680	-0.510	5.009
993.690	-0.610	5.376
993.700	-0.610	6.086
993.710	-0.610	6.379
993.720	-0.680	6.459
993.730	-0.680	6.752
993.740	-0.680	6.922
993.750	-0.760	7.215
993.760	-0.760	7.852
993.770	-0.760	7.998
993.780	-0.850	8.551
993.790	-0.850	8.697
993.800	-0.850	8.600
993.810	-0.920	9.112
993.820	-0.920	9.504
993.830	-0.920	9.724
993.840	-0.980	9.864
993.850	-0.980	10.377
993.860	-0.980	10.100
993.870	-1.040	10.539
993.880	-1.040	10.451
993.890	-1.040	11.110
993.900	-1.080	11.230
993.910	-1.080	11.303
993.920	-1.080	11.197
993.930	-1.130	11.417
993.940	-1.130	11.839
993.950	-1.130	11.839
993.960	-1.140	11.745
993.970	-1.140	11.965
993.980	-1.140	12.087
993.990	-1.150	12.014
994.000	-1.150	12.155
994.010	-1.150	12.301
994.020	-1.160	12.414
994.030	-1.160	12.268
994.040	-1.160	11.999
994.050	-1.150	12.146
994.060	-1.150	12.385
994.070	-1.150	12.092
994.080	-1.150	12.092
994.090	-1.150	12.092
994.100	-1.150	12.125
994.110	-1.110	11.759
994.120	-1.110	11.646
994.130	-1.110	11.719
994.140	-1.090	11.865
994.150	-1.090	11.499
994.160	-1.090	11.133
994.170	-1.020	11.279
994.180	-1.020	11.133
994.190	-1.020	10.913
994.200	-0.960	10.547
994.210	-0.960	10.254
994.220	-0.960	10.474
994.230	-0.900	9.961
994.240	-0.900	9.839
994.250	-0.900	9.546
994.260	-0.820	9.273
994.270	-0.820	8.760
994.280	-0.820	8.687
994.290	-0.740	8.248
994.300	-0.740	8.174
994.310	-0.740	8.101
994.320	-0.640	7.329
994.330	-0.640	6.962
994.340	-0.640	6.425
994.350	-0.530	6.206
994.360	-0.530	6.161
994.370	-0.530	5.722
994.380	-0.420	5.109
994.390	-0.420	4.670
994.400	-0.420	4.157
994.410	-0.300	3.644
994.420	-0.300	3.408
994.430	-0.300	3.115
994.440	-0.180	2.742
994.450	-0.180	2.156
994.460	-0.180	1.668
994.470	-0.050	1.228
994.480	-0.050	0.799
994.490	-0.050	0.433
994.500	0.080	0.013
994.510	0.080	-0.499
994.520	0.080	-0.882
994.530	0.260	-1.395
994.540	0.260	-1.949
994.550	0.260	-2.609
994.560	0.310	-3.008
994.570	0.310	-3.374
994.580	0.310	-3.651
994.590	0.440	-4.237
994.600	0.440	-4.770
994.610	0.440	-5.063
994.620	0.540	-5.642
994.630	0.540	-6.155
994.640	0.540	-6.252
994.650	0.640	-6.399
994.660	0.640	-6.951
994.670	0.640	-7.985
994.680	0.730	-8.131
994.690	0.730	-8.205
994.700	0.730	-8.791
994.710	0.820	-8.944
994.720	0.820	-9.383
994.730	0.820	-9.676
994.740	0.900	-10.042
994.750	0.900	-10.042
994.760	0.900	-10.116
994.770	0.980	-10.767
994.780	0.980	-10.547
994.790	0.980	-10.986
994.800	1.050	-11.313
994.810	1.050	-11.606
994.820	1.050	-11.606
994.830	1.100	-11.752
994.840	1.100	-12.338
994.850	1.100	-12.484
994.860	1.160	-12.724
994.870	1.160	-12.504
994.880	1.160	-13.237
994.890	1.210	-13.090
994.900	1.210	-13.586
994.910	1.210	-13.659
994.920	1.230	-13.906
994.930	1.230	-13.906
994.940	1.230	-13.832
994.950	1.270	-14.125
994.960	1.270	-14.252
994.970	1.270	-14.325
994.980	1.300	-14.398
994.990	1.300	-14.610
995.000	1.300	-14.447
995.010	1.290	-14.507
995.020	1.290	-14.480
995.030	1.290	-14.480
995.040	1.290	-14.773
995.050	1.290	-14.464
995.060	1.290	-14.611
995.070	1.280	-14.691
995.080	1.280	-14.324
995.090	1.280	-14.406
995.100	1.240	-14.186
995.110	1.240	-14.297
995.120	1.240	-14.224
995.130	1.210	-14.224
995.140	1.210	-14.004
995.150	1.210	-13.874
995.160	1.170	-13.601
995.170	1.170	-13.301
995.180	1.170	-13.448
995.190	1.110	-12.935
995.200	1.110	-13.073
995.210	1.110	-12.390
995.220	1.030	-12.623
995.230	1.030	-11.964
995.240	1.030	-11.671
995.250	0.950	-11.451
995.260	0.950	-11.325
995.270	0.950	-11.252
995.280	0.870	-10.453
995.290	0.870	-10.526
995.300	0.870	-9.948
995.310	0.770	-9.729
995.320	0.770	-9.455
995.330	0.770	-9.182
995.340	0.660	-8.596
995.350	0.660	-8.376
995.360	0.660	-7.823
995.370	0.560	-7.383
995.380	0.560	-7.157
995.390	0.560	-6.718
995.400	0.440	-6.498
995.410	0.440	-6.058
995.420	0.440	-5.293
995.430	0.340	-4.980
995.440	0.340	-4.614
995.450	0.340	-4.028
995.460	0.210	-3.589
995.470	0.210	-3.223
995.480	0.210	-2.856
995.490	0.080	-2.344
995.500	0.080	-1.758
995.510	0.080	-1.392
995.520	-0.030	-0.952
995.530	-0.030	-0.586
995.540	-0.030	-0.220
995.550	-0.140	0.073
995.560	-0.140	0.439
995.570	-0.140	0.879
995.580	-0.250	1.172
995.590	-0.250	1.538
995.600	-0.250	2.026
995.610	-0.370	2.626
995.620	-0.370	2.919
995.630	-0.370	3.212
995.640	-0.470	3.578
995.650	-0.470	4.164
995.660	-0.470	4.530
995.670	-0.560	4.776
995.680	-0.560	5.069
995.690	-0.560	5.728
995.700	-0.620	5.973
995.710	-0.620	6.106
995.720	-0.620	6.618
995.730	-0.710	6.845
995.740	-0.710	7.065
