% Time (s)	Gyro Output (rads/s)	Input Rate (RPM)	%3/17/202011:40 AM
0.000	0.000	0.000
830.100	-0.040	-0.073
830.110	-0.040	-0.073
830.120	-0.040	-0.073
830.130	-0.040	-0.073
830.140	-0.040	0.000
830.150	-0.040	0.000
830.160	-0.040	0.000
830.170	-0.040	0.000
830.180	-0.040	0.000
830.190	-0.050	0.000
830.200	-0.050	0.000
830.210	-0.050	0.073
830.220	-0.050	0.073
830.230	-0.050	0.073
830.240	-0.050	0.146
830.250	-0.060	0.146
830.260	-0.060	0.146
830.270	-0.060	0.146
830.280	-0.060	0.220
830.290	-0.060	0.220
830.300	-0.060	0.220
830.310	-0.060	0.146
830.320	-0.060	0.220
830.330	-0.060	0.220
830.340	-0.060	0.146
830.350	-0.060	0.220
830.360	-0.060	0.220
830.370	-0.060	0.220
830.380	-0.060	0.228
830.390	-0.060	0.228
830.400	-0.060	0.228
830.410	-0.060	0.301
830.420	-0.060	0.228
830.430	-0.060	0.228
830.440	-0.060	0.228
830.450	-0.060	0.236
830.460	-0.060	0.236
830.470	-0.060	0.236
830.480	-0.060	0.228
830.490	-0.050	0.228
830.500	-0.050	0.228
830.510	-0.050	0.228
830.520	-0.050	0.228
830.530	-0.050	0.228
830.540	-0.050	0.228
830.550	-0.050	0.146
830.560	-0.050	0.146
830.570	-0.050	0.146
830.580	-0.040	0.140
830.590	-0.040	0.140
830.600	-0.040	0.140
830.610	-0.040	0.067
830.620	-0.040	0.067
830.630	-0.040	0.067
830.640	-0.040	0.067
830.650	-0.040	0.067
830.660	-0.040	0.067
830.670	-0.030	0.067
830.680	-0.030	0.000
830.690	-0.030	0.000
830.700	-0.030	0.000
830.710	-0.030	0.000
830.720	-0.030	-0.073
830.730	-0.030	-0.073
830.740	-0.030	-0.073
830.750	-0.030	-0.073
830.760	-0.020	-0.146
830.770	-0.020	-0.146
830.780	-0.020	-0.146
830.790	-0.020	-0.146
830.800	-0.020	-0.220
830.810	-0.020	-0.220
830.820	-0.020	-0.146
830.830	-0.020	-0.146
830.840	-0.020	-0.220
830.850	-0.020	-0.220
830.860	-0.020	-0.146
830.870	-0.020	-0.146
830.880	-0.020	-0.146
830.890	-0.020	-0.228
830.900	-0.020	-0.155
830.910	-0.020	-0.155
830.920	-0.020	-0.155
830.930	-0.020	-0.155
830.940	-0.020	-0.155
830.950	-0.020	-0.155
830.960	-0.020	-0.155
830.970	-0.020	-0.155
830.980	-0.020	-0.228
830.990	-0.020	-0.146
831.000	-0.030	-0.146
831.010	-0.030	-0.146
831.020	-0.030	-0.146
831.030	-0.030	-0.146
831.040	-0.030	-0.073
831.050	-0.030	-0.073
831.060	-0.030	-0.073
831.070	-0.030	-0.073
831.080	-0.030	0.000
831.090	-0.030	0.000
831.100	-0.030	0.000
831.110	-0.030	0.000
831.120	-0.040	0.000
831.130	-0.040	0.000
831.140	-0.040	0.000
831.150	-0.050	0.000
831.160	-0.050	0.000
831.170	-0.050	0.000
831.180	-0.040	-0.073
831.190	-0.040	-0.073
831.200	-0.040	-0.220
831.210	0.020	-0.366
831.220	0.020	-0.586
831.230	0.020	-0.806
831.240	0.140	-1.139
831.250	0.140	-1.790
831.260	0.140	-2.815
831.270	0.350	-2.815
831.280	0.350	-3.254
831.290	0.350	-4.793
831.300	0.520	-4.793
831.310	0.520	-5.452
831.320	0.520	-6.477
831.330	0.740	-7.056
831.340	0.740	-7.895
831.350	0.740	-8.343
831.360	0.980	-9.368
831.370	0.980	-10.028
831.380	0.980	-11.053
831.390	1.200	-11.932
831.400	1.200	-12.510
831.410	1.200	-14.121
831.420	1.390	-14.121
831.430	1.390	-14.933
831.440	1.390	-16.471
831.450	1.550	-16.471
831.460	1.550	-16.838
831.470	1.550	-18.302
831.480	1.710	-18.302
831.490	1.710	-18.815
831.500	1.710	-19.775
831.510	1.840	-19.775
831.520	1.840	-19.922
831.530	1.840	-20.947
831.540	1.920	-20.947
831.550	1.920	-21.167
831.560	1.920	-21.606
831.570	1.970	-21.606
831.580	1.970	-21.973
831.590	1.970	-22.485
831.600	2.030	-22.485
831.610	2.030	-22.559
831.620	2.030	-23.071
831.630	2.100	-23.071
831.640	2.100	-23.291
831.650	2.100	-23.657
831.660	2.150	-23.657
831.670	2.150	-23.730
831.680	2.150	-23.950
831.690	2.150	-23.950
831.700	2.150	-23.950
831.710	2.150	-24.023
831.720	2.140	-24.023
831.730	2.140	-24.023
831.740	2.140	-24.023
831.750	2.130	-24.023
831.760	2.130	-23.877
831.770	2.130	-23.657
831.780	2.090	-23.657
831.790	2.090	-23.584
831.800	2.090	-23.291
831.810	2.020	-23.071
831.820	2.020	-22.925
831.830	2.020	-22.485
831.840	1.970	-22.485
831.850	1.970	-22.192
831.860	1.970	-22.192
831.870	1.910	-21.826
831.880	1.910	-21.826
831.890	1.910	-21.240
831.900	1.840	-21.167
831.910	1.840	-21.086
831.920	1.840	-20.793
831.930	1.730	-20.600
831.940	1.730	-19.940
831.950	1.730	-19.647
831.960	1.630	-19.208
831.970	1.630	-19.192
831.980	1.630	-18.972
831.990	1.560	-18.546
832.000	1.560	-18.180
832.010	1.560	-17.895
832.020	1.480	-17.382
832.030	1.480	-17.242
832.040	1.480	-17.388
832.050	1.420	-16.889
832.060	1.420	-16.596
832.070	1.420	-16.319
832.080	1.390	-15.879
832.090	1.390	-16.013
832.100	1.390	-16.086
832.110	1.370	-15.573
832.120	1.370	-15.646
832.130	1.370	-15.614
832.140	1.320	-15.101
832.150	1.320	-15.161
832.160	1.320	-15.234
832.170	1.230	-14.648
832.180	1.230	-14.502
832.190	1.230	-14.209
832.200	1.140	-13.916
832.210	1.140	-13.656
832.220	1.140	-13.582
832.230	1.080	-12.890
832.240	1.080	-12.963
832.250	1.080	-12.450
832.260	1.050	-12.157
832.270	1.050	-12.206
832.280	1.050	-12.133
832.290	0.990	-11.694
832.300	0.990	-11.246
832.310	0.990	-10.807
832.320	0.910	-10.807
832.330	0.910	-10.693
832.340	0.910	-9.595
832.350	0.740	-9.595
832.360	0.740	-9.082
832.370	0.740	-7.568
832.380	0.550	-7.568
832.390	0.550	-7.349
832.400	0.550	-6.299
832.410	0.400	-6.299
832.420	0.400	-5.640
832.430	0.400	-4.395
832.440	0.270	-4.395
832.450	0.270	-4.028
832.460	0.270	-2.710
832.470	0.100	-2.710
832.480	0.100	-2.197
832.490	0.100	-0.732
832.500	-0.110	-0.732
832.510	-0.110	0.073
832.520	-0.110	1.758
832.530	-0.340	1.758
832.540	-0.340	2.490
832.550	-0.340	4.248
832.560	-0.580	4.248
832.570	-0.580	4.907
832.580	-0.580	6.812
832.590	-0.810	6.812
832.600	-0.810	7.764
832.610	-0.810	9.082
832.620	-1.010	9.082
832.630	-1.010	9.755
832.640	-1.010	10.707
832.650	-1.220	11.146
832.660	-1.220	12.025
832.670	-1.220	13.050
832.680	-1.400	13.563
832.690	-1.400	14.222
832.700	-1.400	14.955
832.710	-1.590	15.834
832.720	-1.590	16.639
832.730	-1.590	17.065
832.740	-1.770	17.871
832.750	-1.770	18.604
832.760	-1.770	19.189
832.770	-1.940	19.702
832.780	-1.940	20.654
832.790	-1.940	21.094
832.800	-2.110	21.753
832.810	-2.110	22.046
832.820	-2.110	22.705
832.830	-2.270	23.511
832.840	-2.270	24.023
832.850	-2.270	24.756
832.860	-2.400	25.195
832.870	-2.400	25.708
832.880	-2.400	25.854
832.890	-2.510	26.587
832.900	-2.510	26.733
832.910	-2.510	27.319
832.920	-2.560	27.539
832.930	-2.560	27.612
832.940	-2.560	27.686
832.950	-2.600	28.052
832.960	-2.600	28.125
832.970	-2.600	28.198
832.980	-2.620	28.271
832.990	-2.620	28.418
833.000	-2.620	28.564
833.010	-2.640	28.491
833.020	-2.640	28.491
833.030	-2.640	28.564
833.040	-2.630	28.784
833.050	-2.630	28.491
833.060	-2.630	28.345
833.070	-2.600	28.418
833.080	-2.600	28.271
833.090	-2.600	28.125
833.100	-2.540	28.052
833.110	-2.540	27.832
833.120	-2.540	27.612
833.130	-2.460	27.393
833.140	-2.460	26.880
833.150	-2.460	26.514
833.160	-2.380	26.587
833.170	-2.380	26.001
833.180	-2.380	26.147
833.190	-2.320	25.562
833.200	-2.320	25.342
833.210	-2.320	25.122
833.220	-2.260	25.049
833.230	-2.260	24.902
833.240	-2.260	24.683
833.250	-2.220	24.756
833.260	-2.220	24.316
833.270	-2.220	24.463
833.280	-2.210	24.243
833.290	-2.210	24.097
833.300	-2.210	23.877
833.310	-2.180	23.950
833.320	-2.180	23.730
833.330	-2.180	23.657
833.340	-2.160	23.657
833.350	-2.160	23.511
833.360	-2.160	23.511
833.370	-2.170	23.511
833.380	-2.170	23.364
833.390	-2.170	23.364
833.400	-2.180	23.511
833.410	-2.180	23.364
833.420	-2.180	23.364
833.430	-2.170	23.511
833.440	-2.170	23.364
833.450	-2.170	23.364
833.460	-2.180	23.511
833.470	-2.180	23.291
833.480	-2.180	23.364
833.490	-2.170	23.364
833.500	-2.170	23.145
833.510	-2.170	22.998
833.520	-2.110	22.998
833.530	-2.110	22.616
833.540	-2.110	22.616
833.550	-2.030	22.143
833.560	-2.030	21.850
833.570	-2.030	21.703
833.580	-1.950	21.410
833.590	-1.950	21.256
833.600	-1.950	20.523
833.610	-1.800	20.337
833.620	-1.800	19.604
833.630	-1.800	19.328
833.640	-1.640	18.595
833.650	-1.640	18.588
833.660	-1.640	18.149
833.670	-1.540	17.563
833.680	-1.540	16.903
833.690	-1.540	16.399
833.700	-1.460	16.252
833.710	-1.460	15.934
833.720	-1.460	15.495
833.730	-1.350	15.135
833.740	-1.350	14.989
833.750	-1.350	14.151
833.760	-1.210	13.711
833.770	-1.210	13.386
833.780	-1.210	13.093
833.790	-1.090	12.280
833.800	-1.090	11.548
833.810	-1.090	11.027
833.820	-0.900	10.514
833.830	-0.900	9.686
833.840	-0.900	8.880
833.850	-0.640	8.394
833.860	-0.640	7.295
833.870	-0.640	6.229
833.880	-0.330	5.131
833.890	-0.330	4.250
833.900	-0.330	1.760
833.910	0.030	1.760
833.920	0.030	0.442
833.930	0.030	-2.106
833.940	0.400	-2.106
833.950	0.400	-3.524
833.960	0.400	-5.428
833.970	0.670	-5.428
833.980	0.670	-6.453
833.990	0.670	-8.423
834.000	0.900	-8.423
834.010	0.900	-9.082
834.020	0.900	-9.888
834.030	1.090	-10.900
834.040	1.090	-11.266
834.050	1.090	-11.998
834.060	1.340	-13.317
834.070	1.340	-14.236
834.080	1.340	-15.262
834.090	1.600	-15.954
834.100	1.600	-16.980
834.110	1.600	-18.078
834.120	1.920	-19.177
834.130	1.920	-20.346
834.140	1.920	-22.030
834.150	2.220	-22.809
834.160	2.220	-23.615
834.170	2.220	-24.453
834.180	2.460	-25.259
834.190	2.460	-26.690
834.200	2.460	-27.350
834.210	2.650	-28.082
834.220	2.650	-29.417
834.230	2.650	-29.579
834.240	2.800	-29.653
834.250	2.800	-30.632
834.260	2.800	-30.924
834.270	2.910	-31.657
834.280	2.910	-32.170
834.290	2.910	-32.096
834.300	3.000	-32.682
834.310	3.000	-33.260
834.320	3.000	-33.244
834.330	3.020	-33.244
834.340	3.020	-33.757
834.350	3.020	-33.610
834.360	3.000	-33.830
834.370	3.000	-33.450
834.380	3.000	-33.230
834.390	2.960	-33.597
834.400	2.960	-33.491
834.410	2.960	-32.986
834.420	2.910	-32.727
834.430	2.910	-32.434
834.440	2.910	-32.068
834.450	2.850	-32.141
834.460	2.850	-32.019
834.470	2.850	-31.959
834.480	2.780	-31.939
834.490	2.780	-31.060
834.500	2.780	-30.653
834.510	2.700	-30.873
834.520	2.700	-30.636
834.530	2.700	-30.709
834.540	2.640	-30.296
834.550	2.640	-29.784
834.560	2.640	-29.686
834.570	2.620	-29.466
834.580	2.620	-29.511
834.590	2.620	-29.877
834.600	2.590	-29.611
834.610	2.590	-29.098
834.620	2.590	-28.569
834.630	2.530	-28.349
834.640	2.530	-28.778
834.650	2.530	-28.485
834.660	2.400	-28.006
834.670	2.400	-27.493
834.680	2.400	-26.956
834.690	2.250	-26.150
834.700	2.250	-26.173
834.710	2.250	-25.660
834.720	2.140	-25.427
834.730	2.140	-24.914
834.740	2.140	-24.239
834.750	2.090	-24.198
834.760	2.090	-24.092
834.770	2.090	-23.872
834.780	2.070	-23.872
834.790	2.070	-23.872
834.800	2.070	-23.530
834.810	2.080	-23.530
834.820	2.080	-23.617
834.830	2.080	-23.617
834.840	2.060	-23.617
834.850	2.060	-23.145
834.860	2.060	-22.925
834.870	1.960	-22.559
834.880	1.960	-22.192
834.890	1.960	-21.899
834.900	1.820	-21.274
834.910	1.820	-21.200
834.920	1.820	-20.614
834.930	1.680	-20.321
834.940	1.680	-19.613
834.950	1.680	-19.320
834.960	1.590	-18.848
834.970	1.590	-18.408
834.980	1.590	-17.969
834.990	1.500	-17.822
835.000	1.500	-17.423
835.010	1.500	-16.983
835.020	1.430	-16.817
835.030	1.430	-16.084
835.040	1.430	-15.914
835.050	1.330	-15.840
835.060	1.330	-15.263
835.070	1.330	-15.336
835.080	1.250	-14.984
835.090	1.250	-14.324
835.100	1.250	-13.958
835.110	1.130	-13.519
835.120	1.130	-13.075
835.130	1.130	-13.002
835.140	0.920	-12.129
835.150	0.920	-11.324
835.160	0.920	-10.909
835.170	0.730	-10.103
835.180	0.730	-9.666
835.190	0.730	-9.154
835.200	0.570	-8.388
835.210	0.570	-7.582
835.220	0.570	-6.687
835.230	0.390	-6.028
835.240	0.390	-5.655
835.250	0.390	-4.264
835.260	0.220	-4.264
835.270	0.220	-3.604
835.280	0.220	-2.636
835.290	0.000	-1.757
835.300	0.000	-1.058
835.310	0.000	0.293
835.320	-0.240	0.293
835.330	-0.240	1.172
835.340	-0.240	3.003
835.350	-0.440	3.003
835.360	-0.440	3.882
835.370	-0.440	5.713
835.380	-0.690	5.713
835.390	-0.690	6.226
835.400	-0.690	7.251
835.410	-0.960	8.130
835.420	-0.960	9.302
835.430	-0.960	10.034
835.440	-1.230	11.353
835.450	-1.230	12.158
835.460	-1.230	13.037
835.470	-1.500	14.136
835.480	-1.500	14.795
835.490	-1.500	16.260
835.500	-1.770	16.992
835.510	-1.770	18.018
835.520	-1.770	18.823
835.530	-2.030	20.142
835.540	-2.030	20.801
835.550	-2.030	21.753
835.560	-2.270	22.852
835.570	-2.270	24.023
835.580	-2.270	25.342
835.590	-2.590	26.074
835.600	-2.590	27.319
835.610	-2.590	28.548
835.620	-2.860	29.207
835.630	-2.860	30.233
835.640	-2.860	31.112
835.650	-3.060	32.137
835.660	-3.060	32.935
835.670	-3.060	33.740
835.680	-3.200	33.927
835.690	-3.200	34.513
835.700	-3.200	34.513
835.710	-3.260	34.675
835.720	-3.260	35.652
835.730	-3.260	35.798
835.740	-3.260	35.632
835.750	-3.260	35.632
835.760	-3.260	35.567
835.770	-3.240	35.127
835.780	-3.240	35.446
835.790	-3.240	35.519
835.800	-3.170	35.346
835.810	-3.170	35.126
835.820	-3.170	34.296
835.830	-3.090	34.223
835.840	-3.090	34.674
835.850	-3.090	34.015
835.860	-3.050	33.828
835.870	-3.050	33.381
835.880	-3.050	33.088
835.890	-2.990	32.968
835.900	-2.990	32.748
835.910	-2.990	32.821
835.920	-2.930	32.821
835.930	-2.930	32.309
835.940	-2.930	31.951
835.950	-2.870	31.951
835.960	-2.870	31.624
835.970	-2.870	31.201
835.980	-2.810	31.201
835.990	-2.810	30.908
836.000	-2.810	30.762
836.010	-2.790	30.762
836.020	-2.790	30.542
836.030	-2.790	30.396
836.040	-2.770	30.396
836.050	-2.770	30.176
836.060	-2.770	29.883
836.070	-2.730	29.883
836.080	-2.730	29.517
836.090	-2.730	29.517
836.100	-2.640	29.443
836.110	-2.640	28.711
836.120	-2.640	28.491
836.130	-2.550	28.038
836.140	-2.550	27.526
836.150	-2.550	27.086
836.160	-2.430	27.013
836.170	-2.430	26.769
836.180	-2.430	26.549
836.190	-2.340	25.810
836.200	-2.340	25.444
836.210	-2.340	25.004
836.220	-2.220	24.711
836.230	-2.220	24.741
836.240	-2.220	24.375
836.250	-2.100	23.749
836.260	-2.100	23.310
836.270	-2.100	22.528
836.280	-2.040	22.235
836.290	-2.040	22.169
836.300	-2.040	21.949
836.310	-1.980	21.949
836.320	-1.980	21.420
836.330	-1.980	21.007
836.340	-1.940	21.007
836.350	-1.940	21.340
836.360	-1.940	20.827
836.370	-1.890	20.854
836.380	-1.890	20.415
836.390	-1.890	20.268
836.400	-1.810	19.975
836.410	-1.810	19.552
836.420	-1.810	19.259
836.430	-1.730	18.873
836.440	-1.730	18.700
836.450	-1.730	18.114
836.460	-1.650	17.967
836.470	-1.650	18.071
836.480	-1.650	17.778
836.490	-1.560	17.059
836.500	-1.560	16.766
836.510	-1.560	16.530
836.520	-1.460	16.090
836.530	-1.460	15.817
836.540	-1.460	15.231
836.550	-1.310	14.938
836.560	-1.310	14.279
836.570	-1.310	13.490
836.580	-1.120	12.977
836.590	-1.120	12.671
836.600	-1.120	11.865
836.610	-0.930	11.060
836.620	-0.930	10.327
836.630	-0.930	9.741
836.640	-0.700	9.009
836.650	-0.700	8.057
836.660	-0.700	7.471
836.670	-0.470	6.519
836.680	-0.470	5.713
836.690	-0.470	4.834
836.700	-0.220	3.955
836.710	-0.220	3.296
836.720	-0.220	2.271
836.730	0.000	1.172
836.740	0.000	0.439
836.750	0.000	-0.366
836.760	0.250	-1.245
836.770	0.250	-2.344
836.780	0.250	-3.296
836.790	0.500	-4.102
836.800	0.500	-5.127
836.810	0.500	-6.006
836.820	0.770	-7.031
836.830	0.770	-7.764
836.840	0.770	-8.789
836.850	1.010	-9.595
836.860	1.010	-10.693
836.870	1.010	-11.206
836.880	1.240	-12.158
836.890	1.240	-13.403
836.900	1.240	-14.062
836.910	1.500	-15.015
836.920	1.500	-15.454
836.930	1.500	-16.626
836.940	1.740	-17.505
836.950	1.740	-18.384
836.960	1.740	-19.116
836.970	1.980	-20.215
836.980	1.980	-21.021
836.990	1.980	-21.460
837.000	2.180	-22.412
837.010	2.180	-23.218
837.020	2.180	-24.170
837.030	2.350	-25.049
837.040	2.350	-25.415
837.050	2.350	-26.221
837.060	2.530	-26.953
837.070	2.530	-27.466
837.080	2.530	-28.125
837.090	2.680	-28.931
837.100	2.680	-29.370
837.110	2.680	-29.883
837.120	2.830	-30.688
837.130	2.830	-30.615
837.140	2.830	-31.201
837.150	2.930	-31.934
837.160	2.930	-31.787
837.170	2.930	-32.153
837.180	2.950	-32.520
837.190	2.950	-32.373
837.200	2.950	-32.666
837.210	2.920	-32.666
837.220	2.920	-32.153
837.230	2.920	-32.373
837.240	2.860	-32.373
837.250	2.860	-31.714
837.260	2.860	-31.934
837.270	2.770	-31.714
837.280	2.770	-31.055
837.290	2.770	-31.055
837.300	2.710	-30.908
837.310	2.710	-30.469
837.320	2.710	-30.396
837.330	2.660	-30.249
837.340	2.660	-30.192
837.350	2.660	-30.119
837.360	2.590	-29.500
837.370	2.590	-29.207
837.380	2.590	-29.426
837.390	2.550	-29.060
837.400	2.550	-28.930
837.410	2.550	-28.857
837.420	2.510	-28.590
837.430	2.510	-28.444
837.440	2.510	-27.988
837.450	2.480	-27.915
837.460	2.480	-28.152
837.470	2.480	-28.078
837.480	2.460	-27.732
837.490	2.460	-27.512
837.500	2.460	-27.203
837.510	2.360	-26.910
837.520	2.360	-27.177
837.530	2.360	-26.591
837.540	2.230	-26.284
837.550	2.230	-25.698
837.560	2.230	-25.422
837.570	2.160	-24.909
837.580	2.160	-24.783
837.590	2.160	-24.564
837.600	2.080	-23.978
837.610	2.080	-23.685
837.620	2.080	-23.025
837.630	1.950	-22.659
837.640	1.950	-22.770
837.650	1.950	-22.331
837.660	1.860	-21.771
837.670	1.860	-21.625
837.680	1.860	-20.998
837.690	1.820	-20.795
837.700	1.820	-20.648
837.710	1.820	-19.989
837.720	1.720	-19.989
837.730	1.720	-19.916
837.740	1.720	-19.525
837.750	1.610	-19.226
837.760	1.610	-18.906
837.770	1.610	-18.613
837.780	1.530	-18.320
837.790	1.530	-17.832
837.800	1.530	-17.026
837.810	1.440	-16.880
837.820	1.440	-16.440
837.830	1.440	-15.854
837.840	1.320	-15.854
837.850	1.320	-15.588
837.860	1.320	-15.588
837.870	1.260	-15.002
837.880	1.260	-14.864
837.890	1.260	-14.457
837.900	1.200	-14.064
837.910	1.200	-13.698
837.920	1.200	-13.332
837.930	1.070	-13.258
837.940	1.070	-12.689
837.950	1.070	-11.790
837.960	0.930	-11.790
837.970	0.930	-11.350
837.980	0.930	-10.024
837.990	0.750	-10.024
838.000	0.750	-9.538
838.010	0.750	-8.439
838.020	0.570	-8.439
838.030	0.570	-7.487
838.040	0.570	-6.226
838.050	0.400	-6.226
838.060	0.400	-5.420
838.070	0.400	-3.955
838.080	0.190	-3.955
838.090	0.190	-3.296
838.100	0.190	-2.710
838.110	-0.030	-1.904
838.120	-0.030	-1.099
838.130	-0.030	-0.366
838.140	-0.240	0.220
838.150	-0.240	0.879
838.160	-0.240	1.685
838.170	-0.390	2.417
838.180	-0.390	3.003
838.190	-0.390	3.442
838.200	-0.500	4.102
838.210	-0.500	4.834
838.220	-0.500	5.347
838.230	-0.680	6.079
838.240	-0.680	6.592
838.250	-0.680	7.031
838.260	-0.830	7.764
838.270	-0.830	8.276
838.280	-0.830	9.082
838.290	-1.000	9.668
838.300	-1.000	10.474
838.310	-1.000	10.913
838.320	-1.220	11.572
838.330	-1.220	12.378
838.340	-1.220	13.257
838.350	-1.460	13.989
838.360	-1.460	14.648
838.370	-1.460	15.527
838.380	-1.690	16.333
838.390	-1.690	17.432
838.400	-1.690	17.944
838.410	-1.920	19.043
838.420	-1.920	20.866
838.430	-1.920	20.866
838.440	-2.130	21.445
838.450	-2.130	22.397
838.460	-2.130	23.927
838.470	-2.310	23.927
838.480	-2.310	24.440
838.490	-2.310	25.905
838.500	-2.460	25.905
838.510	-2.460	26.271
838.520	-2.460	27.012
838.530	-2.590	27.012
838.540	-2.590	27.531
838.550	-2.590	28.271
838.560	-2.670	28.271
838.570	-2.670	28.491
838.580	-2.670	29.443
838.590	-2.720	29.443
838.600	-2.720	29.297
838.610	-2.720	29.517
838.620	-2.740	29.517
838.630	-2.740	29.810
838.640	-2.740	29.443
838.650	-2.740	29.443
838.660	-2.740	29.883
838.670	-2.740	29.663
838.680	-2.720	29.663
838.690	-2.720	29.590
838.700	-2.720	29.663
838.710	-2.700	29.663
838.720	-2.700	29.324
838.730	-2.700	28.957
838.740	-2.690	29.250
838.750	-2.690	29.641
838.760	-2.690	29.128
838.770	-2.700	29.062
838.780	-2.700	29.281
838.790	-2.700	29.208
838.800	-2.710	29.062
838.810	-2.710	29.143
838.820	-2.710	29.702
838.830	-2.680	29.582
838.840	-2.680	29.070
838.850	-2.680	28.899
838.860	-2.670	29.045
838.870	-2.670	29.437
838.880	-2.670	29.364
838.890	-2.670	28.965
838.900	-2.670	29.184
838.910	-2.670	29.103
838.920	-2.690	28.664
838.930	-2.690	29.255
838.940	-2.690	29.622
838.950	-2.720	29.548
838.960	-2.720	29.475
838.970	-2.720	29.076
838.980	-2.780	29.516
838.990	-2.780	30.160
839.000	-2.780	29.867
839.010	-2.770	30.000
839.020	-2.770	30.000
839.030	-2.770	29.528
839.040	-2.710	29.381
839.050	-2.710	29.381
839.060	-2.710	29.601
839.070	-2.630	29.341
839.080	-2.630	28.609
839.090	-2.630	28.072
839.100	-2.510	27.706
839.110	-2.510	27.654
839.120	-2.510	27.288
839.130	-2.410	26.968
839.140	-2.410	26.382
839.150	-2.410	26.089
839.160	-2.310	25.137
839.170	-2.310	25.144
839.180	-2.310	24.558
839.190	-2.150	24.119
839.200	-2.150	23.679
839.210	-2.150	22.792
839.220	-1.980	22.353
839.230	-1.980	21.794
839.240	-1.980	21.354
839.250	-1.790	20.256
839.260	-1.790	20.166
839.270	-1.790	19.173
839.280	-1.580	18.461
839.290	-1.580	18.021
839.300	-1.580	17.728
839.310	-1.460	16.776
839.320	-1.460	16.670
839.330	-1.460	16.158
839.340	-1.400	15.525
839.350	-1.400	15.525
839.360	-1.400	14.736
839.370	-1.300	14.516
839.380	-1.300	14.472
839.390	-1.300	14.179
839.400	-1.300	13.626
839.410	-1.300	13.626
839.420	-1.300	12.926
839.430	-1.190	12.853
839.440	-1.190	12.875
839.450	-1.190	12.362
839.460	-1.060	11.783
839.470	-1.060	11.490
839.480	-1.060	11.002
839.490	-0.860	10.123
839.500	-0.860	9.723
839.510	-0.860	8.951
839.520	-0.570	8.072
839.530	-0.570	6.998
839.540	-0.570	4.825
839.550	-0.280	4.825
839.560	-0.280	4.159
839.570	-0.280	2.035
839.580	-0.010	2.035
839.590	-0.010	1.083
839.600	-0.010	-1.221
839.610	0.300	-1.221
839.620	0.300	-2.100
839.630	0.300	-4.175
839.640	0.550	-4.175
839.650	0.550	-4.761
839.660	0.550	-6.665
839.670	0.710	-6.665
839.680	0.710	-7.544
839.690	0.710	-8.936
839.700	0.900	-8.936
839.710	0.900	-9.668
839.720	0.900	-11.060
839.730	1.120	-11.060
839.740	1.120	-11.719
839.750	1.120	-13.403
839.760	1.290	-13.403
839.770	1.290	-14.062
839.780	1.290	-15.308
839.790	1.500	-15.308
839.800	1.500	-16.406
839.810	1.500	-17.725
839.820	1.770	-17.725
839.830	1.770	-18.823
839.840	1.770	-20.288
839.850	2.010	-20.288
839.860	2.010	-21.240
839.870	2.010	-22.778
839.880	2.200	-22.778
839.890	2.200	-23.657
839.900	2.200	-24.976
839.910	2.380	-24.976
839.920	2.380	-25.562
839.930	2.380	-26.514
839.940	2.510	-26.514
839.950	2.510	-27.319
839.960	2.510	-27.979
839.970	2.570	-27.979
839.980	2.570	-28.271
839.990	2.570	-28.711
840.000	2.650	-28.711
840.010	2.650	-29.150
840.020	2.650	-29.736
840.030	2.700	-29.736
840.040	2.700	-29.883
840.050	2.700	-30.396
840.060	2.740	-30.396
840.070	2.740	-30.615
840.080	2.740	-31.055
840.090	2.850	-31.055
840.100	2.850	-31.274
840.110	2.850	-31.641
840.120	2.910	-31.641
840.130	2.910	-31.934
840.140	2.910	-31.934
840.150	2.880	-31.934
840.160	2.880	-32.153
840.170	2.880	-31.860
840.180	2.860	-31.860
840.190	2.860	-32.080
840.200	2.860	-31.567
840.210	2.830	-31.567
840.220	2.830	-31.860
840.230	2.830	-31.274
840.240	2.780	-31.274
840.250	2.780	-31.567
840.260	2.780	-30.908
840.270	2.730	-30.635
840.280	2.730	-30.489
840.290	2.730	-29.903
840.300	2.620	-29.903
840.310	2.620	-29.830
840.320	2.620	-29.097
840.330	2.510	-28.837
840.340	2.510	-28.398
840.350	2.510	-27.959
840.360	2.420	-27.666
840.370	2.420	-27.947
840.380	2.420	-27.434
840.390	2.340	-27.041
840.400	2.340	-26.528
840.410	2.340	-26.089
840.420	2.280	-25.943
840.430	2.280	-26.031
840.440	2.280	-26.031
840.450	2.220	-25.365
840.460	2.220	-25.512
840.470	2.220	-24.698
840.480	2.150	-24.845
840.490	2.150	-24.741
840.500	2.150	-24.814
840.510	2.100	-24.388
840.520	2.100	-24.168
840.530	2.100	-23.534
840.540	2.060	-23.534
840.550	2.060	-23.548
840.560	2.060	-23.256
840.570	2.020	-22.989
840.580	2.020	-22.696
840.590	2.020	-22.533
840.600	1.960	-22.240
840.610	1.960	-22.536
840.620	1.960	-22.317
840.630	1.930	-22.330
840.640	1.930	-21.744
840.650	1.930	-21.589
840.660	1.820	-20.930
840.670	1.820	-21.115
840.680	1.820	-20.822
840.690	1.680	-20.290
840.700	1.680	-19.923
840.710	1.680	-18.955
840.720	1.510	-18.515
840.730	1.510	-18.405
840.740	1.510	-17.599
840.750	1.380	-17.006
840.760	1.380	-16.860
840.770	1.380	-15.989
840.780	1.290	-15.476
840.790	1.290	-15.277
840.800	1.290	-14.984
840.810	1.210	-14.657
840.820	1.210	-14.218
840.830	1.210	-13.510
840.840	1.110	-13.437
840.850	1.110	-12.882
840.860	1.110	-12.442
840.870	0.940	-11.996
840.880	0.940	-11.752
840.890	0.940	-10.067
840.900	0.760	-10.067
840.910	0.760	-9.808
840.920	0.760	-8.563
840.930	0.620	-8.563
840.940	0.620	-8.050
840.950	0.620	-7.147
840.960	0.490	-7.147
840.970	0.490	-6.641
840.980	0.490	-5.200
840.990	0.340	-5.200
841.000	0.340	-4.834
841.010	0.340	-3.589
841.020	0.190	-3.589
841.030	0.190	-3.076
841.040	0.190	-1.538
841.050	-0.010	-1.538
841.060	-0.010	-0.879
841.070	-0.010	0.220
841.080	-0.240	0.220
841.090	-0.240	0.806
841.100	-0.240	2.563
841.110	-0.450	2.563
841.120	-0.450	3.369
841.130	-0.450	5.054
841.140	-0.620	5.054
841.150	-0.620	5.566
841.160	-0.620	7.471
841.170	-0.850	7.471
841.180	-0.850	8.423
841.190	-0.850	10.034
841.200	-1.070	10.034
841.210	-1.070	10.547
841.220	-1.070	12.378
841.230	-1.290	12.378
841.240	-1.290	13.037
841.250	-1.290	13.989
841.260	-1.530	14.682
841.270	-1.530	15.414
841.280	-1.530	15.927
841.290	-1.760	17.172
841.300	-1.760	17.611
841.310	-1.760	18.783
841.320	-2.010	19.516
841.330	-2.010	21.534
841.340	-2.010	21.534
841.350	-2.240	22.446
841.360	-2.240	23.145
841.370	-2.240	23.731
841.380	-2.380	24.757
841.390	-2.380	24.757
841.400	-2.380	25.636
841.410	-2.450	25.782
841.420	-2.450	26.441
841.430	-2.450	26.368
841.440	-2.480	26.547
841.450	-2.480	26.587
841.460	-2.480	26.514
841.470	-2.490	26.953
841.480	-2.490	26.733
841.490	-2.490	27.319
841.500	-2.500	27.393
841.510	-2.500	27.393
841.520	-2.500	27.246
841.530	-2.550	27.246
841.540	-2.550	27.962
841.550	-2.550	28.109
841.560	-2.600	28.082
841.570	-2.600	28.082
841.580	-2.600	28.692
841.590	-2.650	28.559
841.600	-2.650	28.486
841.610	-2.650	28.559
841.620	-2.650	28.706
841.630	-2.650	29.161
841.640	-2.650	28.519
841.650	-2.590	28.332
841.660	-2.590	28.286
841.670	-2.590	28.212
841.680	-2.520	27.675
841.690	-2.520	27.971
841.700	-2.520	27.898
841.710	-2.480	27.652
841.720	-2.480	27.212
841.730	-2.480	26.610
841.740	-2.410	26.390
841.750	-2.410	26.398
841.760	-2.410	26.544
841.770	-2.340	25.951
841.780	-2.340	25.951
841.790	-2.340	25.276
841.800	-2.310	25.203
841.810	-2.310	25.343
841.820	-2.310	25.417
841.830	-2.290	25.190
841.840	-2.290	24.897
841.850	-2.290	24.710
841.860	-2.250	24.564
841.870	-2.250	24.985
841.880	-2.250	24.765
841.890	-2.250	24.679
841.900	-2.250	24.386
841.910	-2.250	24.199
841.920	-2.260	23.979
841.930	-2.260	24.482
841.940	-2.260	24.409
841.950	-2.250	24.389
841.960	-2.250	24.169
841.970	-2.250	24.120
841.980	-2.260	23.974
841.990	-2.260	24.492
842.000	-2.260	24.345
842.010	-2.250	24.325
842.020	-2.250	24.106
842.030	-2.250	23.756
842.040	-2.190	23.609
842.050	-2.190	23.898
842.060	-2.190	23.751
842.070	-2.090	23.245
842.080	-2.090	23.253
842.090	-2.090	22.675
842.100	-2.010	22.409
842.110	-2.010	21.990
842.120	-2.010	21.843
842.130	-1.900	21.111
842.140	-1.900	21.265
842.150	-1.900	20.484
842.160	-1.780	20.231
842.170	-1.780	19.858
842.180	-1.780	19.044
842.190	-1.700	18.751
842.200	-1.700	18.855
842.210	-1.700	18.416
842.220	-1.650	18.103
842.230	-1.650	18.103
842.240	-1.650	17.509
842.250	-1.600	17.216
842.260	-1.600	17.127
842.270	-1.600	17.054
842.280	-1.510	16.854
842.290	-1.510	16.341
842.300	-1.510	15.633
842.310	-1.390	15.633
842.320	-1.390	15.433
842.330	-1.390	14.481
842.340	-1.250	14.481
842.350	-1.250	13.895
842.360	-1.250	13.358
842.370	-1.090	12.406
842.380	-1.090	12.020
842.390	-1.090	11.580
842.400	-0.880	10.620
842.410	-0.880	10.034
842.420	-0.880	9.302
842.430	-0.650	8.609
842.440	-0.650	7.437
842.450	-0.650	6.632
842.460	-0.370	5.533
842.470	-0.370	4.882
842.480	-0.370	4.003
842.490	-0.100	2.911
842.500	-0.100	2.179
842.510	-0.100	1.227
842.520	0.140	0.128
842.530	0.140	-0.856
842.540	0.140	-1.735
842.550	0.390	-2.487
842.560	0.390	-3.293
842.570	0.390	-4.473
842.580	0.650	-5.279
842.590	0.650	-6.595
842.600	0.650	-7.474
842.610	0.910	-8.720
842.620	0.910	-9.598
842.630	0.910	-10.632
842.640	1.260	-11.877
842.650	1.260	-13.216
842.660	1.260	-14.315
842.670	1.570	-15.080
842.680	1.570	-16.472
842.690	1.570	-17.359
842.700	1.910	-18.751
842.710	1.910	-19.971
842.720	1.910	-21.436
842.730	2.220	-22.282
842.740	2.220	-23.234
842.750	2.220	-24.072
842.760	2.500	-25.171
842.770	2.500	-26.887
842.780	2.500	-27.620
842.790	2.730	-28.279
842.800	2.730	-29.231
842.810	2.730	-29.548
842.820	2.850	-30.061
842.830	2.850	-31.356
842.840	2.850	-31.576
842.850	2.930	-32.062
842.860	2.930	-32.428
842.870	2.930	-32.289
842.880	3.000	-32.656
842.890	3.000	-33.307
842.900	3.000	-33.600
842.910	3.030	-33.526
842.920	3.030	-33.600
842.930	3.030	-33.144
842.940	3.010	-33.290
842.950	3.010	-33.757
842.960	3.010	-33.683
842.970	2.960	-33.503
842.980	2.960	-33.137
842.990	2.960	-32.779
843.000	2.920	-32.559
843.010	2.920	-32.966
843.020	2.920	-32.893
843.030	2.900	-32.720
843.040	2.900	-32.500
843.050	2.900	-32.207
843.060	2.900	-32.207
843.070	2.900	-32.607
843.080	2.900	-32.827
843.090	2.930	-32.827
843.100	2.930	-32.900
843.110	2.930	-32.293
843.120	2.880	-32.220
843.130	2.880	-32.320
843.140	2.880	-32.100
843.150	2.740	-31.661
843.160	2.740	-31.294
843.170	2.740	-30.562
843.180	2.610	-30.196
843.190	2.610	-29.895
843.200	2.610	-28.923
843.210	2.460	-28.923
843.220	2.460	-28.410
843.230	2.460	-27.644
843.240	2.360	-27.498
843.250	2.360	-27.205
843.260	2.360	-26.765
843.270	2.300	-26.545
843.280	2.300	-25.960
843.290	2.300	-25.601
843.300	2.200	-25.309
843.310	2.200	-25.089
843.320	2.200	-24.723
843.330	2.120	-24.609
843.340	2.120	-24.170
843.350	2.120	-23.950
843.360	2.050	-23.804
843.370	2.050	-23.364
843.380	2.050	-23.218
843.390	2.000	-23.218
843.400	2.000	-22.778
843.410	2.000	-22.705
843.420	1.960	-22.412
843.430	1.960	-22.119
843.440	1.960	-21.899
843.450	1.880	-21.606
843.460	1.880	-21.313
843.470	1.880	-20.947
843.480	1.760	-21.021
843.490	1.760	-19.922
843.500	1.760	-19.849
843.510	1.620	-19.482
843.520	1.620	-19.116
843.530	1.620	-18.530
843.540	1.500	-18.237
843.550	1.500	-17.578
843.560	1.500	-16.919
843.570	1.350	-16.626
843.580	1.350	-15.601
843.590	1.350	-15.601
843.600	1.220	-15.308
843.610	1.220	-14.355
843.620	1.220	-14.062
843.630	1.120	-13.696
843.640	1.120	-13.403
843.650	1.120	-12.891
843.660	1.040	-12.817
843.670	1.040	-12.231
843.680	1.040	-12.451
843.690	0.990	-12.012
843.700	0.990	-11.572
843.710	0.990	-11.646
843.720	0.960	-11.646
843.730	0.960	-11.426
843.740	0.960	-10.986
843.750	0.930	-11.206
843.760	0.930	-10.913
843.770	0.930	-11.060
843.780	0.900	-10.400
843.790	0.900	-10.327
843.800	0.900	-9.961
843.810	0.770	-9.595
843.820	0.770	-9.155
843.830	0.770	-8.936
843.840	0.600	-8.423
843.850	0.600	-7.617
843.860	0.600	-7.104
843.870	0.450	-6.445
843.880	0.450	-6.006
843.890	0.450	-5.347
843.900	0.270	-4.687
843.910	0.270	-4.102
843.920	0.270	-3.223
843.930	0.030	-2.344
843.940	0.030	-1.685
843.950	0.030	-0.952
843.960	-0.240	0.000
843.970	-0.240	0.952
843.980	-0.240	1.685
843.990	-0.470	2.417
844.000	-0.470	3.442
844.010	-0.470	4.321
844.020	-0.660	5.054
844.030	-0.660	5.933
844.040	-0.660	6.445
844.050	-0.870	7.031
844.060	-0.870	7.690
844.070	-0.870	8.276
844.080	-0.970	9.155
844.090	-0.970	9.595
844.100	-0.970	10.181
844.110	-1.120	10.840
844.120	-1.120	11.279
844.130	-1.120	11.938
844.140	-1.270	12.817
844.150	-1.270	13.257
844.160	-1.270	13.989
844.170	-1.490	14.868
844.180	-1.490	15.088
844.190	-1.490	16.333
844.200	-1.720	16.772
844.210	-1.720	17.578
844.220	-1.720	18.530
844.230	-1.960	19.336
844.240	-1.960	19.922
844.250	-1.960	21.094
844.260	-2.190	21.606
844.270	-2.190	22.485
844.280	-2.190	23.437
844.290	-2.370	24.316
844.300	-2.370	25.122
844.310	-2.370	25.488
844.320	-2.540	26.294
844.330	-2.540	26.440
844.340	-2.540	27.466
844.350	-2.630	27.832
844.360	-2.630	28.052
844.370	-2.630	28.271
844.380	-2.660	28.857
844.390	-2.660	28.564
844.400	-2.660	28.711
844.410	-2.670	28.931
844.420	-2.670	29.077
844.430	-2.670	29.370
844.440	-2.680	29.004
844.450	-2.680	28.931
844.460	-2.680	29.224
844.470	-2.670	29.297
844.480	-2.670	29.004
844.490	-2.670	28.931
844.500	-2.680	29.297
844.510	-2.680	29.614
844.520	-2.680	29.248
844.530	-2.660	28.982
844.540	-2.660	28.689
844.550	-2.660	28.835
844.560	-2.580	28.616
844.570	-2.580	28.388
844.580	-2.580	28.168
844.590	-2.430	27.722
844.600	-2.430	26.989
844.610	-2.430	26.159
844.620	-2.270	25.866
844.630	-2.270	25.726
844.640	-2.270	25.653
844.650	-2.190	24.714
844.660	-2.190	24.421
844.670	-2.190	23.770
844.680	-2.160	23.550
844.690	-2.160	23.728
844.700	-2.160	23.508
844.710	-2.100	23.228
844.720	-2.100	23.008
844.730	-2.100	22.610
844.740	-2.010	22.097
844.750	-2.010	22.230
844.760	-2.010	21.644
844.770	-1.900	21.444
844.780	-1.900	20.932
844.790	-1.900	20.395
844.800	-1.760	19.809
844.810	-1.760	19.454
844.820	-1.760	19.161
844.830	-1.640	18.701
844.840	-1.640	18.042
844.850	-1.640	17.529
844.860	-1.510	17.310
844.870	-1.510	16.614
844.880	-1.510	16.541
844.890	-1.400	16.035
844.900	-1.400	15.449
844.910	-1.400	15.351
844.920	-1.340	14.692
844.930	-1.340	14.492
844.940	-1.340	14.273
844.950	-1.250	13.920
844.960	-1.250	13.480
844.970	-1.250	13.277
844.980	-1.140	12.398
844.990	-1.140	12.383
845.000	-1.140	12.163
845.010	-1.000	11.617
845.020	-1.000	11.031
845.030	-1.000	10.299
845.040	-0.860	10.153
845.050	-0.860	9.635
845.060	-0.860	8.975
845.070	-0.690	8.609
845.080	-0.690	8.243
845.090	-0.690	7.226
845.100	-0.540	6.640
845.110	-0.540	5.868
845.120	-0.540	5.501
845.130	-0.360	5.062
845.140	-0.360	4.329
845.150	-0.360	3.589
845.160	-0.180	3.149
845.170	-0.180	2.417
845.180	-0.180	1.904
845.190	-0.040	1.392
845.200	-0.040	0.879
845.210	-0.040	0.366
845.220	0.080	-0.146
845.230	0.080	-0.586
845.240	0.080	-1.025
845.250	0.150	-1.245
845.260	0.150	-1.538
845.270	0.150	-1.685
845.280	0.180	-1.904
845.290	0.180	-1.978
845.300	0.180	-2.051
845.310	0.180	-2.197
845.320	0.180	-2.271
845.330	0.180	-2.344
845.340	0.180	-2.344
845.350	0.180	-2.417
845.360	0.180	-2.417
845.370	0.180	-2.490
845.380	0.180	-2.563
845.390	0.180	-2.710
845.400	0.180	-2.783
845.410	0.180	-2.637
845.420	0.180	-2.563
845.430	0.180	-2.563
845.440	0.180	-2.563
845.450	0.180	-2.490
845.460	0.190	-2.490
