% Time (s)	Gyro Output (rads/s)	Input Rate (RPM)	%3/17/202011:42 AM
0.000	0.000	0.000
941.750	-0.040	0.000
941.760	-0.040	0.000
941.770	-0.040	0.000
941.780	-0.040	0.000
941.790	-0.040	0.000
941.800	-0.040	0.000
941.810	-0.040	0.000
941.820	-0.040	0.000
941.830	-0.040	0.000
941.840	-0.040	0.000
941.850	-0.040	0.000
941.860	-0.040	0.000
941.870	-0.040	0.000
941.880	-0.040	0.000
941.890	-0.040	0.000
941.900	-0.040	0.000
941.910	-0.040	0.000
941.920	-0.040	0.000
941.930	-0.040	0.000
941.940	-0.040	0.000
941.950	-0.040	0.000
941.960	-0.040	0.000
941.970	-0.040	0.000
941.980	-0.040	0.000
941.990	-0.040	0.000
942.000	-0.040	0.000
942.010	-0.040	0.000
942.020	-0.040	0.000
942.030	-0.040	0.000
942.040	-0.040	0.000
942.050	-0.040	0.000
942.060	-0.040	0.000
942.070	-0.040	0.000
942.080	-0.040	0.000
942.090	-0.040	0.000
942.100	-0.040	0.000
942.110	-0.040	0.000
942.120	-0.040	0.000
942.130	-0.040	0.000
942.140	-0.040	0.000
942.150	-0.040	0.000
942.160	-0.040	0.000
942.170	-0.040	0.000
942.180	-0.040	0.000
942.190	-0.040	0.000
942.200	-0.040	0.000
942.210	-0.040	0.000
942.220	-0.040	0.000
942.230	-0.040	0.000
942.240	-0.040	0.000
942.250	-0.040	0.000
942.260	-0.040	0.000
942.270	-0.040	0.000
942.280	-0.040	0.000
942.290	-0.040	0.000
942.300	-0.040	0.000
942.310	-0.040	0.000
942.320	-0.040	0.000
942.330	-0.040	0.000
942.340	-0.040	0.000
942.350	-0.040	0.000
942.360	-0.030	0.000
942.370	-0.030	0.000
942.380	-0.030	0.000
942.390	-0.040	0.000
942.400	-0.040	0.000
942.410	-0.040	0.000
942.420	-0.040	0.000
942.430	-0.040	0.000
942.440	-0.040	0.000
942.450	-0.040	0.000
942.460	-0.040	0.000
942.470	-0.040	0.000
942.480	-0.040	0.000
942.490	-0.040	0.000
942.500	-0.040	0.000
942.510	-0.040	0.000
942.520	-0.040	0.000
942.530	-0.040	0.000
942.540	-0.040	0.000
942.550	-0.040	0.000
942.560	-0.040	0.000
942.570	-0.040	0.000
942.580	-0.040	0.000
942.590	-0.040	0.000
942.600	-0.040	0.000
942.610	-0.040	0.000
942.620	-0.040	0.000
942.630	-0.040	0.000
942.640	-0.040	0.000
942.650	-0.040	0.000
942.660	-0.040	0.000
942.670	-0.040	0.000
942.680	-0.040	0.000
942.690	-0.040	0.000
942.700	-0.040	0.000
942.710	-0.040	0.000
942.720	-0.040	0.000
942.730	-0.040	0.000
942.740	-0.040	0.000
942.750	-0.040	0.000
942.760	-0.040	0.000
942.770	-0.040	0.000
942.780	-0.040	0.000
942.790	-0.040	0.000
942.800	-0.040	0.000
942.810	-0.040	0.000
942.820	-0.040	0.000
942.830	-0.040	0.000
942.840	-0.040	0.000
942.850	-0.040	0.000
942.860	-0.040	0.000
942.870	-0.040	0.000
942.880	-0.040	0.000
942.890	-0.040	0.000
942.900	-0.040	0.000
942.910	-0.040	0.000
942.920	-0.040	0.000
942.930	-0.040	0.000
942.940	-0.040	0.000
942.950	-0.040	0.000
942.960	-0.040	0.000
942.970	-0.040	0.000
942.980	-0.040	0.000
942.990	-0.040	0.000
943.000	-0.040	0.000
943.010	-0.040	0.000
943.020	-0.040	0.000
943.030	-0.040	0.000
943.040	-0.040	0.000
943.050	-0.040	0.000
943.060	-0.040	0.000
943.070	-0.040	0.000
943.080	-0.040	0.000
943.090	-0.040	0.000
943.100	-0.040	0.000
943.110	-0.040	0.000
943.120	-0.040	0.000
943.130	-0.040	0.000
943.140	-0.040	0.000
943.150	-0.040	0.000
943.160	-0.040	0.000
943.170	-0.040	0.000
943.180	-0.040	0.000
943.190	-0.040	0.000
943.200	-0.040	0.000
943.210	-0.040	0.000
943.220	-0.040	0.000
943.230	-0.040	0.000
943.240	-0.040	0.000
943.250	-0.040	0.000
943.260	-0.040	0.000
943.270	-0.040	0.000
943.280	-0.040	0.000
943.290	-0.040	0.000
943.300	-0.040	0.000
943.310	-0.040	0.000
943.320	-0.040	0.000
943.330	-0.040	0.000
943.340	-0.040	0.000
943.350	-0.040	0.000
943.360	-0.040	0.000
943.370	-0.040	0.000
943.380	-0.040	0.000
943.390	-0.040	0.000
943.400	-0.040	0.000
943.410	-0.040	0.000
943.420	-0.040	0.000
943.430	-0.040	0.000
943.440	-0.040	0.000
943.450	-0.040	0.000
943.460	-0.040	0.000
943.470	-0.040	0.000
943.480	-0.040	0.000
943.490	-0.040	0.000
943.500	-0.040	0.000
943.510	-0.040	0.000
943.520	-0.040	0.000
943.530	-0.040	0.000
943.540	-0.040	0.000
943.550	-0.040	0.000
943.560	-0.040	0.000
943.570	-0.040	0.000
943.580	-0.040	0.000
943.590	-0.040	0.000
943.600	-0.040	0.000
943.610	-0.040	0.000
943.620	-0.040	0.000
943.630	-0.040	0.000
943.640	-0.040	0.000
943.650	-0.040	0.000
943.660	-0.040	0.000
943.670	-0.040	0.000
943.680	-0.040	0.000
943.690	-0.040	0.000
943.700	-0.040	0.000
943.710	-0.040	0.000
943.720	-0.040	0.000
943.730	-0.040	0.000
943.740	-0.040	0.000
943.750	-0.040	0.000
943.760	-0.040	0.000
943.770	-0.040	0.000
943.780	-0.040	0.000
943.790	-0.040	0.000
943.800	-0.040	0.000
943.810	-0.040	0.000
943.820	-0.040	0.000
943.830	-0.040	0.000
943.840	-0.040	0.000
943.850	-0.040	0.000
943.860	-0.040	0.000
943.870	-0.040	0.000
943.880	-0.040	0.000
943.890	-0.040	0.000
945.740	-0.040	0.000
945.750	-0.040	0.000
945.760	-0.040	0.000
945.770	-0.040	0.000
945.780	-0.040	0.000
945.790	-0.040	0.000
945.800	-0.040	0.000
945.810	-0.040	0.000
945.820	-0.040	0.000
945.830	-0.040	0.000
945.840	-0.060	0.000
945.850	-0.060	0.081
945.860	-0.060	0.155
945.870	-0.080	0.221
945.880	-0.080	0.294
945.890	-0.080	0.441
945.900	-0.100	0.587
945.910	-0.100	0.669
945.920	-0.100	0.742
945.930	-0.120	0.875
945.940	-0.120	0.948
945.950	-0.120	0.940
945.960	-0.130	0.940
945.970	-0.130	0.955
945.980	-0.130	0.955
945.990	-0.130	0.942
946.000	-0.130	0.869
946.010	-0.130	0.860
946.020	-0.130	0.860
946.030	-0.130	0.809
946.040	-0.130	0.735
946.050	-0.120	0.729
946.060	-0.120	0.729
946.070	-0.120	0.721
946.080	-0.110	0.721
946.090	-0.110	0.669
946.100	-0.110	0.596
946.110	-0.090	0.589
946.120	-0.090	0.516
946.130	-0.090	0.434
946.140	-0.070	0.508
946.150	-0.070	0.441
946.160	-0.070	0.368
946.170	-0.040	0.294
946.180	-0.040	0.148
946.190	-0.040	0.067
946.200	-0.010	-0.007
946.210	-0.010	-0.155
946.220	-0.010	-0.228
946.230	0.040	-0.294
946.240	0.040	-0.514
946.250	0.040	-0.587
946.260	0.070	-0.734
946.270	0.070	-0.815
946.280	0.070	-0.889
946.290	0.100	-1.022
946.300	0.100	-1.095
946.310	0.100	-1.160
946.320	0.110	-1.307
946.330	0.110	-1.565
946.340	0.110	-1.639
946.350	0.140	-1.832
946.360	0.140	-1.832
946.370	0.140	-1.970
946.380	0.170	-2.043
946.390	0.170	-2.154
946.400	0.170	-2.301
946.410	0.200	-2.487
946.420	0.200	-2.707
946.430	0.200	-2.674
946.440	0.230	-2.748
946.450	0.230	-2.774
946.460	0.230	-2.848
946.470	0.260	-2.921
946.480	0.260	-3.027
946.490	0.260	-3.222
946.500	0.280	-3.328
946.510	0.280	-3.362
946.520	0.280	-3.289
946.530	0.310	-3.362
946.540	0.310	-3.557
946.550	0.310	-3.850
946.560	0.330	-4.096
946.570	0.330	-4.096
946.580	0.330	-4.137
946.590	0.360	-4.137
946.600	0.360	-4.307
946.610	0.360	-4.474
946.620	0.400	-4.547
946.630	0.400	-4.693
946.640	0.400	-4.791
946.650	0.430	-4.938
946.660	0.430	-4.911
946.670	0.430	-5.057
946.680	0.460	-5.204
946.690	0.460	-5.497
946.700	0.460	-5.513
946.710	0.500	-5.493
946.720	0.500	-5.786
946.730	0.500	-6.079
946.740	0.530	-6.006
946.750	0.530	-5.786
946.760	0.530	-6.079
946.770	0.560	-6.372
946.780	0.560	-6.445
946.790	0.560	-6.372
946.800	0.570	-6.665
946.810	0.570	-6.738
946.820	0.570	-6.519
946.830	0.570	-6.519
946.840	0.570	-6.738
946.850	0.570	-6.812
946.860	0.590	-6.885
946.870	0.590	-7.031
946.880	0.590	-7.031
946.890	0.600	-6.958
946.900	0.600	-6.885
946.910	0.600	-6.958
946.920	0.600	-7.104
946.930	0.600	-7.178
946.940	0.600	-7.104
946.950	0.590	-7.031
946.960	0.590	-6.885
946.970	0.590	-6.812
946.980	0.580	-6.885
946.990	0.580	-6.958
947.000	0.580	-7.031
947.010	0.570	-7.031
947.020	0.570	-6.812
947.030	0.570	-6.592
947.040	0.570	-6.665
947.050	0.570	-6.738
947.060	0.570	-6.665
947.070	0.550	-6.738
947.080	0.550	-6.665
947.090	0.550	-6.519
947.100	0.520	-6.152
947.110	0.520	-6.152
947.120	0.520	-6.299
947.130	0.500	-6.152
947.140	0.500	-5.933
947.150	0.500	-6.079
947.160	0.470	-6.079
947.170	0.470	-5.566
947.180	0.470	-5.347
947.190	0.430	-5.273
947.200	0.430	-5.347
947.210	0.430	-5.127
947.220	0.380	-4.907
947.230	0.380	-4.687
947.240	0.380	-4.541
947.250	0.330	-4.248
947.260	0.330	-4.102
947.270	0.330	-4.102
947.280	0.270	-4.028
947.290	0.270	-3.809
947.300	0.270	-3.369
947.310	0.210	-3.149
947.320	0.210	-2.930
947.330	0.210	-2.783
947.340	0.150	-2.563
947.350	0.150	-2.197
947.360	0.150	-1.904
947.370	0.080	-1.611
947.380	0.080	-1.392
947.390	0.080	-1.172
947.400	0.010	-1.025
947.410	0.010	-0.806
947.420	0.010	-0.586
947.430	-0.060	-0.366
947.440	-0.060	-0.073
947.450	-0.060	0.146
947.460	-0.130	0.439
947.470	-0.130	0.659
947.480	-0.130	0.879
947.490	-0.210	1.099
947.500	-0.210	1.318
947.510	-0.210	1.538
947.520	-0.280	1.904
947.530	-0.280	2.271
947.540	-0.280	2.563
947.550	-0.340	2.783
947.560	-0.340	2.930
947.570	-0.340	3.149
947.580	-0.400	3.516
947.590	-0.400	3.809
947.600	-0.400	4.028
947.610	-0.430	4.175
947.620	-0.430	4.102
947.630	-0.430	4.175
947.640	-0.480	4.468
947.650	-0.480	4.687
947.660	-0.480	4.834
947.670	-0.520	5.054
947.680	-0.520	5.200
947.690	-0.520	5.200
947.700	-0.550	5.200
947.710	-0.550	5.420
947.720	-0.550	5.933
947.730	-0.590	6.006
947.740	-0.590	5.859
947.750	-0.590	6.006
947.760	-0.620	6.299
947.770	-0.620	6.152
947.780	-0.620	6.079
947.790	-0.650	6.812
947.800	-0.650	6.812
947.810	-0.650	6.885
947.820	-0.670	6.885
947.830	-0.670	6.958
947.840	-0.670	6.958
947.850	-0.690	7.104
947.860	-0.690	7.104
947.870	-0.690	7.544
947.880	-0.710	7.397
947.890	-0.710	7.251
947.900	-0.710	7.324
947.910	-0.730	7.471
947.920	-0.730	7.544
947.930	-0.730	7.837
947.940	-0.740	7.837
947.950	-0.740	7.837
947.960	-0.740	7.690
947.970	-0.750	7.690
947.980	-0.750	7.817
947.990	-0.750	7.670
948.000	-0.750	7.890
948.010	-0.750	8.053
948.020	-0.750	7.687
948.030	-0.750	7.620
948.040	-0.750	7.767
948.050	-0.750	7.913
948.060	-0.740	7.986
948.070	-0.740	7.640
948.080	-0.740	7.640
948.090	-0.730	7.567
948.100	-0.730	7.713
948.110	-0.730	7.477
948.120	-0.700	7.417
948.130	-0.700	7.631
948.140	-0.700	7.191
948.150	-0.670	6.971
948.160	-0.670	6.817
948.170	-0.670	6.890
948.180	-0.640	6.903
948.190	-0.640	6.830
948.200	-0.640	6.610
948.210	-0.600	6.537
948.220	-0.600	6.426
948.230	-0.600	5.987
948.240	-0.570	5.987
948.250	-0.570	6.206
948.260	-0.570	6.068
948.270	-0.530	5.589
948.280	-0.530	5.429
948.290	-0.530	5.429
948.300	-0.480	5.136
948.310	-0.480	4.957
948.320	-0.480	4.688
948.330	-0.420	4.515
948.340	-0.420	4.295
948.350	-0.420	3.929
948.360	-0.360	3.856
948.370	-0.360	3.782
948.380	-0.360	3.635
948.390	-0.290	3.323
948.400	-0.290	3.030
948.410	-0.290	2.769
948.420	-0.230	2.623
948.430	-0.230	2.519
948.440	-0.230	2.226
948.450	-0.150	1.926
948.460	-0.150	1.487
948.470	-0.150	1.235
948.480	-0.090	0.942
948.490	-0.090	0.742
948.500	-0.090	0.596
948.510	-0.040	0.449
948.520	-0.040	0.376
948.530	-0.040	0.140
948.540	0.000	-0.007
948.550	0.000	-0.155
948.560	0.000	-0.301
948.570	0.050	-0.441
948.580	0.050	-0.587
948.590	0.050	-0.734
948.600	0.090	-0.954
948.610	0.090	-1.116
948.620	0.090	-1.409
948.630	0.140	-1.669
948.640	0.140	-1.962
948.650	0.140	-2.100
948.660	0.180	-2.247
948.670	0.180	-2.424
948.680	0.180	-2.498
948.690	0.220	-2.617
948.700	0.220	-2.691
948.710	0.220	-2.894
948.720	0.260	-3.041
948.730	0.260	-3.074
948.740	0.260	-3.001
948.750	0.290	-3.147
948.760	0.290	-3.261
948.770	0.290	-3.530
948.780	0.320	-3.843
948.790	0.320	-3.943
948.800	0.320	-3.943
948.810	0.340	-3.943
948.820	0.340	-3.910
948.830	0.340	-4.056
948.840	0.350	-4.163
948.850	0.350	-4.236
948.860	0.350	-4.196
948.870	0.360	-4.196
948.880	0.360	-4.314
948.890	0.360	-4.460
948.900	0.360	-4.500
948.910	0.360	-4.500
948.920	0.360	-4.386
948.930	0.360	-4.386
948.940	0.360	-4.557
948.950	0.360	-4.557
948.960	0.360	-4.523
948.970	0.360	-4.450
948.980	0.360	-4.360
948.990	0.360	-4.540
949.000	0.360	-4.540
949.010	0.360	-4.440
949.020	0.350	-4.440
949.030	0.350	-4.335
949.040	0.350	-4.204
949.050	0.350	-4.298
949.060	0.350	-4.331
949.070	0.350	-4.184
949.080	0.330	-4.062
949.090	0.330	-3.891
949.100	0.330	-4.065
949.110	0.310	-4.138
949.120	0.310	-3.951
949.130	0.310	-3.804
949.140	0.270	-3.804
949.150	0.270	-3.271
949.160	0.270	-3.198
949.170	0.220	-3.198
949.180	0.220	-3.125
949.190	0.220	-2.710
949.200	0.180	-2.710
949.210	0.180	-2.417
949.220	0.180	-2.124
949.230	0.130	-2.124
949.240	0.130	-1.904
949.250	0.130	-1.685
949.260	0.070	-1.685
949.270	0.070	-1.465
949.280	0.070	-1.172
949.290	0.010	-0.952
949.300	0.010	-0.659
949.310	0.010	-0.513
949.320	-0.060	-0.293
949.330	-0.060	-0.065
949.340	-0.060	0.155
949.350	-0.130	0.678
949.360	-0.130	0.678
949.370	-0.130	0.898
949.380	-0.190	1.191
949.390	-0.190	1.484
949.400	-0.190	1.924
949.410	-0.270	1.924
949.420	-0.270	2.143
949.430	-0.270	2.575
949.440	-0.330	2.575
949.450	-0.330	3.027
949.460	-0.330	3.296
949.470	-0.400	3.442
949.480	-0.400	3.589
949.490	-0.400	4.102
949.500	-0.440	4.102
949.510	-0.440	4.395
949.520	-0.440	4.501
949.530	-0.480	4.574
949.540	-0.480	4.721
949.550	-0.480	4.941
949.560	-0.530	5.014
949.570	-0.530	5.160
949.580	-0.530	5.307
949.590	-0.560	5.600
949.600	-0.560	5.526
949.610	-0.560	5.453
949.620	-0.600	5.786
949.630	-0.600	6.299
949.640	-0.600	6.372
949.650	-0.640	6.226
949.660	-0.640	6.519
949.670	-0.640	6.592
949.680	-0.680	6.592
949.690	-0.680	6.812
949.700	-0.680	7.104
949.710	-0.720	7.324
949.720	-0.720	7.544
949.730	-0.720	7.324
949.740	-0.750	7.397
949.750	-0.750	7.837
949.760	-0.750	7.764
949.770	-0.780	7.983
949.780	-0.780	8.350
949.790	-0.780	8.057
949.800	-0.810	8.203
949.810	-0.810	8.496
949.820	-0.810	8.350
949.830	-0.840	8.716
949.840	-0.840	8.789
949.850	-0.840	8.496
949.860	-0.860	8.862
949.870	-0.860	8.862
949.880	-0.860	8.936
949.890	-0.870	9.082
949.900	-0.870	8.936
949.910	-0.870	9.082
949.920	-0.870	9.082
949.930	-0.870	9.082
949.940	-0.870	9.229
949.950	-0.880	9.155
949.960	-0.880	9.155
949.970	-0.880	9.229
949.980	-0.890	9.229
949.990	-0.890	9.302
950.000	-0.890	9.155
950.010	-0.880	9.229
950.020	-0.880	9.302
950.030	-0.880	9.155
950.040	-0.870	9.229
950.050	-0.870	9.155
950.060	-0.870	9.009
950.070	-0.850	9.009
950.080	-0.850	8.960
950.090	-0.850	9.033
950.100	-0.840	9.040
950.110	-0.840	8.600
950.120	-0.840	8.747
950.130	-0.820	8.674
950.140	-0.820	8.617
950.150	-0.820	8.324
950.160	-0.790	8.324
950.170	-0.790	8.250
950.180	-0.790	7.933
950.190	-0.740	7.933
950.200	-0.740	8.000
950.210	-0.740	7.560
950.220	-0.690	7.560
950.230	-0.690	7.267
950.240	-0.690	7.031
950.250	-0.640	7.031
950.260	-0.640	7.031
950.270	-0.640	6.519
950.280	-0.600	6.519
950.290	-0.600	6.372
950.300	-0.600	5.640
950.310	-0.550	5.640
950.320	-0.550	5.640
950.330	-0.550	5.493
950.340	-0.500	5.493
950.350	-0.500	5.127
950.360	-0.500	4.761
950.370	-0.440	4.761
950.380	-0.440	4.614
950.390	-0.440	4.248
950.400	-0.370	4.248
950.410	-0.370	4.102
950.420	-0.370	3.149
950.430	-0.290	3.149
950.440	-0.290	2.856
950.450	-0.290	2.344
950.460	-0.220	2.344
950.470	-0.220	2.051
950.480	-0.220	1.465
950.490	-0.140	1.465
950.500	-0.140	1.172
950.510	-0.140	0.952
950.520	-0.070	0.806
950.530	-0.070	0.659
950.540	-0.070	0.220
950.550	-0.020	0.220
950.560	-0.020	0.073
950.570	-0.020	-0.366
950.580	0.040	-0.366
950.590	0.040	-0.513
950.600	0.040	-0.806
950.610	0.100	-0.806
950.620	0.100	-0.952
950.630	0.100	-1.318
950.640	0.140	-1.318
950.650	0.140	-1.465
950.660	0.140	-2.051
950.670	0.180	-2.051
950.680	0.180	-2.197
950.690	0.180	-2.563
950.700	0.230	-2.563
950.710	0.230	-2.710
950.720	0.230	-3.296
950.730	0.270	-3.296
950.740	0.270	-3.516
950.750	0.270	-3.516
950.760	0.300	-3.516
950.770	0.300	-3.516
950.780	0.300	-3.809
950.790	0.340	-3.809
950.800	0.340	-4.028
950.810	0.340	-4.028
950.820	0.350	-4.028
950.830	0.350	-4.028
950.840	0.350	-4.395
950.850	0.370	-4.395
950.860	0.370	-4.468
950.870	0.370	-4.468
950.880	0.380	-4.468
950.890	0.380	-4.468
950.900	0.380	-4.687
950.910	0.390	-4.687
950.920	0.390	-4.687
950.930	0.390	-4.834
950.940	0.400	-4.834
950.950	0.400	-4.834
950.960	0.400	-4.834
950.970	0.410	-4.834
950.980	0.410	-4.907
950.990	0.410	-5.054
951.000	0.410	-4.907
951.010	0.410	-4.834
951.020	0.410	-4.907
951.030	0.410	-4.921
951.040	0.410	-4.847
951.050	0.410	-4.742
951.060	0.400	-4.742
951.070	0.400	-4.742
951.080	0.400	-4.668
951.090	0.380	-4.542
951.100	0.380	-4.615
951.110	0.380	-4.542
951.120	0.350	-4.395
951.130	0.350	-4.284
951.140	0.350	-4.211
951.150	0.320	-4.270
951.160	0.320	-4.197
951.170	0.320	-4.051
951.180	0.280	-3.977
951.190	0.280	-3.689
951.200	0.280	-3.396
951.210	0.240	-3.229
951.220	0.240	-3.229
951.230	0.240	-3.034
951.240	0.200	-2.814
951.250	0.200	-2.511
951.260	0.200	-2.364
951.270	0.140	-2.278
951.280	0.140	-2.058
951.290	0.140	-1.961
951.300	0.090	-1.814
951.310	0.090	-1.696
951.320	0.090	-1.403
951.330	0.030	-1.110
951.340	0.030	-0.817
951.350	0.030	-0.654
951.360	-0.030	-0.508
951.370	-0.030	-0.374
951.380	-0.030	-0.228
951.390	-0.090	0.052
951.400	-0.090	0.198
951.410	-0.090	0.426
951.420	-0.160	0.646
951.430	-0.160	0.890
951.440	-0.160	1.110
951.450	-0.210	1.376
951.460	-0.210	1.669
951.470	-0.210	1.889
951.480	-0.250	2.035
951.490	-0.250	2.146
951.500	-0.250	2.293
951.510	-0.300	2.413
951.520	-0.300	2.486
951.530	-0.300	2.754
951.540	-0.340	3.047
951.550	-0.340	3.188
951.560	-0.340	3.261
951.570	-0.390	3.374
951.580	-0.390	3.667
951.590	-0.390	4.009
951.600	-0.430	4.156
951.610	-0.430	4.296
951.620	-0.430	4.443
951.630	-0.470	4.396
951.640	-0.470	4.542
951.650	-0.470	4.722
951.660	-0.520	4.868
951.670	-0.520	5.105
951.680	-0.520	5.251
951.690	-0.550	5.251
951.700	-0.550	5.324
951.710	-0.550	5.796
951.720	-0.570	5.796
951.730	-0.570	5.990
951.740	-0.570	5.990
951.750	-0.590	5.990
951.760	-0.590	6.209
951.770	-0.590	5.933
951.780	-0.620	5.933
951.790	-0.620	6.519
951.800	-0.620	6.665
951.810	-0.640	6.665
951.820	-0.640	6.525
951.830	-0.640	6.672
951.840	-0.670	6.598
951.850	-0.670	6.590
951.860	-0.670	6.810
951.870	-0.700	7.030
951.880	-0.700	7.176
951.890	-0.700	7.249
951.900	-0.700	7.103
951.910	-0.700	7.308
951.920	-0.700	7.308
951.930	-0.700	7.235
951.940	-0.700	7.381
951.950	-0.700	7.463
951.960	-0.700	7.316
951.970	-0.700	7.096
951.980	-0.700	7.170
951.990	-0.700	7.316
952.000	-0.700	7.316
952.010	-0.700	7.324
952.020	-0.700	7.324
952.030	-0.700	7.178
952.040	-0.700	7.031
952.050	-0.670	7.031
952.060	-0.670	7.121
952.070	-0.670	7.048
952.080	-0.640	7.048
952.090	-0.640	6.738
952.100	-0.640	6.738
952.110	-0.620	6.479
952.120	-0.620	6.495
952.130	-0.620	6.495
952.140	-0.590	6.515
952.150	-0.590	6.295
952.160	-0.590	5.913
952.170	-0.550	5.986
952.180	-0.550	5.839
952.190	-0.550	5.473
952.200	-0.510	5.343
952.210	-0.510	5.383
952.220	-0.510	5.383
952.230	-0.470	5.000
952.240	-0.470	4.834
952.250	-0.470	4.614
952.260	-0.420	4.468
952.270	-0.420	4.175
952.280	-0.420	4.175
952.290	-0.360	4.102
952.300	-0.360	3.906
952.310	-0.360	3.247
952.320	-0.300	3.247
952.330	-0.300	2.954
952.340	-0.300	2.588
952.350	-0.230	2.588
952.360	-0.230	2.295
952.370	-0.230	1.709
952.380	-0.160	1.709
952.390	-0.160	1.489
952.400	-0.160	1.025
952.410	-0.100	1.025
952.420	-0.100	0.879
952.430	-0.100	0.439
952.440	-0.030	0.439
952.450	-0.030	0.146
952.460	-0.030	-0.293
952.470	0.040	-0.293
952.480	0.040	-0.499
952.490	0.040	-0.719
952.500	0.120	-0.939
952.510	0.120	-1.159
952.520	0.120	-1.378
952.530	0.190	-1.744
952.540	0.190	-2.037
952.550	0.190	-2.257
952.560	0.260	-2.550
952.570	0.260	-2.697
952.580	0.260	-2.930
952.590	0.310	-3.296
952.600	0.310	-3.662
952.610	0.310	-3.882
952.620	0.350	-4.028
952.630	0.350	-4.028
952.640	0.350	-4.102
952.650	0.390	-4.321
952.660	0.390	-4.468
952.670	0.390	-4.687
952.680	0.420	-4.834
952.690	0.420	-5.054
952.700	0.420	-5.054
952.710	0.460	-5.127
952.720	0.460	-5.200
952.730	0.460	-5.420
952.740	0.490	-5.713
952.750	0.490	-5.640
952.760	0.490	-5.713
952.770	0.520	-6.152
952.780	0.520	-6.226
952.790	0.520	-6.006
952.800	0.560	-6.006
952.810	0.560	-6.299
952.820	0.560	-6.519
952.830	0.590	-6.665
952.840	0.590	-6.885
952.850	0.590	-6.958
952.860	0.610	-6.958
952.870	0.610	-6.738
952.880	0.610	-6.958
952.890	0.620	-7.031
952.900	0.620	-7.324
952.910	0.620	-7.324
952.920	0.630	-7.251
952.930	0.630	-7.178
952.940	0.630	-7.104
952.950	0.640	-7.251
952.960	0.640	-7.397
952.970	0.640	-7.617
952.980	0.640	-7.397
952.990	0.640	-7.397
953.000	0.640	-7.397
953.010	0.640	-7.324
953.020	0.640	-7.397
953.030	0.640	-7.617
953.040	0.620	-7.471
953.050	0.620	-7.178
953.060	0.620	-7.104
953.070	0.600	-7.031
953.080	0.600	-7.096
953.090	0.600	-7.170
953.100	0.570	-7.090
953.110	0.570	-6.943
953.120	0.570	-6.723
953.130	0.550	-6.431
953.140	0.550	-6.593
953.150	0.550	-6.740
953.160	0.530	-6.547
953.170	0.530	-6.327
953.180	0.530	-6.408
953.190	0.510	-6.189
953.200	0.510	-5.878
953.210	0.510	-5.951
953.220	0.460	-5.951
953.230	0.460	-5.878
953.240	0.460	-5.202
953.250	0.410	-5.202
953.260	0.410	-5.176
953.270	0.410	-4.810
953.280	0.360	-4.810
953.290	0.360	-4.663
953.300	0.360	-4.175
953.310	0.300	-4.175
953.320	0.300	-3.809
953.330	0.300	-3.442
953.340	0.240	-3.442
953.350	0.240	-3.369
953.360	0.240	-2.710
953.370	0.180	-2.710
953.380	0.180	-2.417
953.390	0.180	-2.124
953.400	0.100	-2.124
953.410	0.100	-1.904
953.420	0.100	-1.465
953.430	0.030	-1.465
953.440	0.030	-1.172
953.450	0.030	-0.586
953.460	-0.020	-0.586
953.470	-0.020	-0.439
953.480	-0.020	-0.146
953.490	-0.070	-0.146
953.500	-0.070	0.073
953.510	-0.070	0.366
953.520	-0.120	0.366
953.530	-0.120	0.513
953.540	-0.120	0.732
953.550	-0.170	0.932
953.560	-0.170	1.225
953.570	-0.170	1.445
953.580	-0.210	1.665
953.590	-0.210	1.754
953.600	-0.210	1.901
953.610	-0.260	1.954
953.620	-0.260	2.100
953.630	-0.260	2.247
953.640	-0.300	2.393
953.650	-0.300	2.763
953.660	-0.300	2.910
953.670	-0.350	2.956
953.680	-0.350	3.103
953.690	-0.350	3.306
953.700	-0.390	3.599
953.710	-0.390	3.912
953.720	-0.390	4.059
953.730	-0.420	4.059
953.740	-0.420	4.099
953.750	-0.420	3.969
953.760	-0.460	4.196
953.770	-0.460	4.442
953.780	-0.460	4.515
953.790	-0.490	4.588
953.800	-0.490	4.727
953.810	-0.490	4.800
953.820	-0.510	4.833
953.830	-0.510	4.980
953.840	-0.510	5.012
953.850	-0.520	5.305
953.860	-0.520	5.290
953.870	-0.520	5.290
953.880	-0.520	5.317
953.890	-0.520	5.610
953.900	-0.520	5.325
953.910	-0.530	5.325
953.920	-0.530	5.365
953.930	-0.530	5.805
953.940	-0.550	5.805
953.950	-0.550	5.658
953.960	-0.550	5.593
953.970	-0.550	5.593
953.980	-0.550	5.786
953.990	-0.550	5.347
954.000	-0.550	5.347
954.010	-0.550	5.420
954.020	-0.550	5.713
954.030	-0.540	5.713
954.040	-0.540	5.493
954.050	-0.540	5.566
954.060	-0.530	5.566
954.070	-0.530	5.493
954.080	-0.530	5.127
954.090	-0.500	5.127
954.100	-0.500	5.200
954.110	-0.500	5.127
954.120	-0.470	5.127
954.130	-0.470	4.907
954.140	-0.470	4.614
954.150	-0.440	4.614
954.160	-0.440	4.395
954.170	-0.440	4.321
954.180	-0.400	4.321
954.190	-0.400	4.248
954.200	-0.400	3.735
954.210	-0.360	3.735
954.220	-0.360	3.369
954.230	-0.360	3.442
954.240	-0.320	3.442
954.250	-0.320	3.369
954.260	-0.320	2.856
954.270	-0.270	2.856
954.280	-0.270	2.710
954.290	-0.270	2.490
954.300	-0.210	2.490
954.310	-0.210	2.271
954.320	-0.210	1.831
954.330	-0.150	1.831
954.340	-0.150	1.392
954.350	-0.150	0.879
954.360	-0.070	0.879
954.370	-0.070	0.659
954.380	-0.070	0.293
954.390	-0.010	0.293
954.400	-0.010	0.000
954.410	-0.010	-0.366
954.420	0.060	-0.366
954.430	0.060	-0.659
954.440	0.060	-1.172
954.450	0.120	-1.172
954.460	0.120	-1.538
954.470	0.120	-2.271
954.480	0.190	-2.271
954.490	0.190	-2.417
954.500	0.190	-2.783
954.510	0.250	-2.783
954.520	0.250	-3.003
954.530	0.250	-3.589
954.540	0.320	-3.589
954.550	0.320	-3.662
954.560	0.320	-3.882
954.570	0.380	-3.882
954.580	0.380	-4.175
954.590	0.380	-4.614
954.600	0.410	-4.614
954.610	0.410	-4.761
954.620	0.410	-5.200
954.630	0.460	-5.200
954.640	0.460	-5.200
954.650	0.460	-5.786
954.660	0.500	-5.786
954.670	0.500	-5.933
954.680	0.500	-5.713
954.690	0.540	-5.713
954.700	0.540	-6.152
954.710	0.540	-6.372
954.720	0.570	-6.372
954.730	0.570	-6.519
954.740	0.570	-6.738
954.750	0.590	-6.685
954.760	0.590	-6.465
954.770	0.590	-6.685
954.780	0.610	-6.905
954.790	0.610	-7.206
954.800	0.610	-7.352
954.810	0.640	-7.292
954.820	0.640	-7.358
954.830	0.640	-7.431
954.840	0.670	-7.431
954.850	0.670	-7.704
954.860	0.670	-8.143
954.870	0.690	-7.850
954.880	0.690	-7.784
954.890	0.690	-7.995
954.900	0.710	-7.702
954.910	0.710	-8.161
954.920	0.710	-8.389
954.930	0.710	-8.036
954.940	0.710	-8.109
954.950	0.710	-8.182
954.960	0.700	-7.889
954.970	0.700	-8.361
954.980	0.700	-8.501
954.990	0.700	-8.075
955.000	0.700	-8.222
955.010	0.700	-7.969
955.020	0.690	-7.750
955.030	0.690	-8.290
955.040	0.690	-8.216
955.050	0.680	-7.937
955.060	0.680	-8.010
955.070	0.680	-7.685
955.080	0.650	-7.538
955.090	0.650	-7.834
955.100	0.650	-7.834
955.110	0.620	-7.561
955.120	0.620	-7.488
955.130	0.620	-7.154
955.140	0.600	-7.081
955.150	0.600	-7.133
955.160	0.600	-7.133
955.170	0.570	-7.066
955.180	0.570	-6.846
955.190	0.570	-6.464
955.200	0.530	-6.391
955.210	0.530	-6.444
955.220	0.530	-6.297
955.230	0.490	-6.004
955.240	0.490	-5.996
955.250	0.490	-6.004
955.260	0.430	-5.532
955.270	0.430	-5.232
955.280	0.430	-5.159
955.290	0.380	-5.012
955.300	0.380	-4.793
955.310	0.380	-4.573
955.320	0.320	-4.426
955.330	0.320	-4.207
955.340	0.320	-3.775
955.350	0.260	-3.409
955.360	0.260	-3.296
955.370	0.260	-3.296
955.380	0.190	-3.223
955.390	0.190	-3.003
955.400	0.190	-2.637
955.410	0.120	-2.417
955.420	0.120	-2.197
955.430	0.120	-2.051
955.440	0.070	-1.904
955.450	0.070	-1.611
955.460	0.070	-1.392
955.470	0.020	-1.099
955.480	0.020	-0.806
955.490	0.020	-0.659
955.500	-0.030	-0.513
955.510	-0.030	-0.293
955.520	-0.030	-0.220
955.530	-0.080	0.073
955.540	-0.080	0.220
955.550	-0.080	0.293
955.560	-0.130	0.513
955.570	-0.130	0.732
955.580	-0.130	1.025
955.590	-0.180	1.318
955.600	-0.180	1.562
955.610	-0.180	1.709
955.620	-0.220	1.909
955.630	-0.220	2.055
955.640	-0.220	2.202
955.650	-0.270	2.348
955.660	-0.270	2.454
955.670	-0.270	2.747
955.680	-0.310	2.787
955.690	-0.310	2.787
955.700	-0.310	2.836
955.710	-0.350	2.909
955.720	-0.350	3.116
955.730	-0.350	3.263
955.740	-0.390	3.642
955.750	-0.390	3.789
955.760	-0.390	3.903
955.770	-0.430	3.829
955.780	-0.430	3.936
955.790	-0.430	4.229
955.800	-0.450	4.375
955.810	-0.450	4.449
955.820	-0.450	4.481
955.830	-0.480	4.628
955.840	-0.480	4.687
955.850	-0.480	4.834
955.860	-0.510	4.834
955.870	-0.510	4.980
955.880	-0.510	5.200
955.890	-0.520	5.127
955.900	-0.520	5.054
955.910	-0.520	5.127
955.920	-0.520	5.273
955.930	-0.520	5.420
955.940	-0.520	5.273
955.950	-0.520	5.200
955.960	-0.520	5.273
955.970	-0.520	5.347
955.980	-0.520	5.200
955.990	-0.520	5.127
956.000	-0.520	5.200
956.010	-0.530	5.420
956.020	-0.530	5.493
956.030	-0.530	5.273
956.040	-0.520	5.200
956.050	-0.520	5.273
956.060	-0.520	5.420
956.070	-0.510	5.273
956.080	-0.510	5.127
956.090	-0.510	5.054
956.100	-0.490	5.127
956.110	-0.490	5.054
956.120	-0.490	4.907
956.130	-0.460	4.761
956.140	-0.460	4.728
956.150	-0.460	4.655
956.160	-0.430	4.462
956.170	-0.430	4.389
956.180	-0.430	4.389
956.190	-0.390	4.242
956.200	-0.390	3.974
956.210	-0.390	3.681
956.220	-0.350	3.434
956.230	-0.350	3.434
956.240	-0.350	3.467
956.250	-0.300	3.320
956.260	-0.300	3.074
956.270	-0.300	2.854
956.280	-0.260	2.708
956.290	-0.260	2.651
956.300	-0.260	2.553
956.310	-0.210	2.393
956.320	-0.210	2.273
956.330	-0.210	1.980
956.340	-0.150	1.614
956.350	-0.150	1.321
956.360	-0.150	1.175
956.370	-0.080	1.028
956.380	-0.080	0.809
956.390	-0.080	0.573
956.400	-0.020	0.353
956.410	-0.020	0.138
956.420	-0.020	-0.155
956.430	0.040	-0.361
956.440	0.040	-0.581
956.450	0.040	-0.727
956.460	0.110	-0.947
956.470	0.110	-1.191
956.480	0.110	-1.484
956.490	0.160	-1.744
956.500	0.160	-2.110
956.510	0.160	-2.322
956.520	0.220	-2.541
956.530	0.220	-2.628
956.540	0.220	-2.774
956.550	0.290	-2.994
956.560	0.290	-3.287
956.570	0.290	-3.629
956.580	0.330	-3.702
956.590	0.330	-3.809
956.600	0.330	-3.809
956.610	0.380	-4.102
956.620	0.380	-4.321
956.630	0.380	-4.614
956.640	0.420	-4.687
956.650	0.420	-4.761
956.660	0.420	-4.980
956.670	0.450	-5.054
956.680	0.450	-5.127
956.690	0.450	-5.273
956.700	0.480	-5.713
956.710	0.480	-5.713
956.720	0.480	-5.566
956.730	0.510	-5.566
956.740	0.510	-6.006
956.750	0.510	-6.152
956.760	0.530	-6.079
956.770	0.530	-6.152
956.780	0.530	-6.519
956.790	0.550	-6.445
956.800	0.550	-6.152
956.810	0.550	-6.372
956.820	0.580	-6.592
956.830	0.580	-6.738
956.840	0.580	-6.812
956.850	0.600	-6.958
956.860	0.600	-6.885
956.870	0.600	-6.885
956.880	0.610	-6.958
956.890	0.610	-7.031
956.900	0.610	-7.178
956.910	0.620	-7.251
956.920	0.620	-7.251
956.930	0.620	-7.178
956.940	0.630	-7.104
956.950	0.630	-7.186
956.960	0.630	-7.332
956.970	0.620	-7.466
956.980	0.620	-7.246
956.990	0.620	-7.246
957.000	0.610	-7.173
957.010	0.610	-7.189
957.020	0.610	-7.116
957.030	0.600	-7.195
957.040	0.600	-7.269
957.050	0.600	-7.041
957.060	0.580	-6.894
957.070	0.580	-6.615
957.080	0.580	-6.688
957.090	0.550	-6.688
957.100	0.550	-6.680
957.110	0.550	-6.590
957.120	0.520	-6.604
957.130	0.520	-6.377
957.140	0.520	-5.865
957.150	0.490	-5.865
957.160	0.490	-6.084
957.170	0.490	-5.938
957.180	0.450	-5.605
957.190	0.450	-5.532
957.200	0.450	-5.540
957.210	0.410	-5.247
957.220	0.410	-5.054
957.230	0.410	-4.908
957.240	0.370	-4.808
957.250	0.370	-4.662
957.260	0.370	-4.369
957.270	0.320	-4.295
957.280	0.320	-4.221
957.290	0.320	-3.928
957.300	0.260	-3.536
957.310	0.260	-3.243
957.320	0.260	-3.129
957.330	0.200	-3.129
957.340	0.200	-3.107
957.350	0.200	-2.887
957.360	0.130	-2.580
957.370	0.130	-2.288
957.380	0.130	-2.035
957.390	0.060	-1.889
957.400	0.060	-1.622
957.410	0.060	-1.403
957.420	-0.030	-1.110
957.430	-0.030	-0.744
957.440	-0.030	-0.353
957.450	-0.090	-0.060
957.460	-0.090	0.236
957.470	-0.090	0.529
957.480	-0.140	0.802
957.490	-0.140	1.095
957.500	-0.140	1.315
957.510	-0.190	1.534
957.520	-0.190	1.779
957.530	-0.190	1.925
957.540	-0.240	1.978
957.550	-0.240	2.198
957.560	-0.240	2.401
957.570	-0.290	2.548
957.580	-0.290	2.755
957.590	-0.290	2.828
957.600	-0.340	2.808
957.610	-0.340	3.044
957.620	-0.340	3.337
957.630	-0.380	3.650
957.640	-0.380	3.650
957.650	-0.380	3.870
957.660	-0.480	3.870
957.670	-0.480	3.870
957.680	-0.480	4.269
957.690	-0.440	4.269
957.700	-0.440	4.435
957.710	-0.440	4.541
957.720	-0.470	4.687
957.730	-0.470	4.907
957.740	-0.470	4.834
957.750	-0.510	4.834
957.760	-0.510	4.980
957.770	-0.510	5.420
957.780	-0.550	5.420
957.790	-0.550	5.347
957.800	-0.550	5.713
957.810	-0.580	5.713
957.820	-0.580	6.152
957.830	-0.580	5.859
957.840	-0.600	5.859
957.850	-0.600	6.226
957.860	-0.600	6.079
957.870	-0.620	6.079
957.880	-0.620	6.079
957.890	-0.620	6.665
957.900	-0.630	6.665
957.910	-0.630	6.519
957.920	-0.630	6.592
957.930	-0.650	6.592
957.940	-0.650	6.519
957.950	-0.650	6.812
957.960	-0.660	6.812
957.970	-0.660	6.885
957.980	-0.660	6.738
957.990	-0.650	6.738
958.000	-0.650	6.665
958.010	-0.650	6.545
958.020	-0.650	6.399
958.030	-0.650	6.789
958.040	-0.650	6.863
958.050	-0.640	6.736
958.060	-0.640	6.590
958.070	-0.640	6.590
958.080	-0.620	6.516
958.090	-0.620	6.199
958.100	-0.620	6.419
958.110	-0.590	6.552
958.120	-0.590	6.405
958.130	-0.590	5.868
958.140	-0.560	5.941
958.150	-0.560	6.060
958.160	-0.560	5.620
958.170	-0.530	5.434
958.180	-0.530	5.434
958.190	-0.530	5.678
958.200	-0.500	5.312
958.210	-0.500	5.201
958.220	-0.500	5.054
958.230	-0.470	5.081
958.240	-0.470	4.935
958.250	-0.470	4.617
958.260	-0.430	4.617
958.270	-0.430	4.511
958.280	-0.430	3.852
958.290	-0.380	3.852
958.300	-0.380	3.745
958.310	-0.380	3.623
958.320	-0.320	3.550
958.330	-0.320	3.303
958.340	-0.320	3.010
958.350	-0.250	2.750
958.360	-0.250	2.603
958.370	-0.250	2.384
958.380	-0.190	2.164
958.390	-0.190	2.034
958.400	-0.190	1.701
958.410	-0.120	1.401
958.420	-0.120	1.108
958.430	-0.120	0.889
958.440	-0.050	0.669
958.450	-0.050	0.441
958.460	-0.050	0.221
958.470	0.020	0.015
958.480	0.020	-0.132
958.490	0.020	-0.441
958.500	0.090	-0.661
958.510	0.090	-0.971
958.520	0.090	-1.264
958.530	0.170	-1.597
958.540	0.170	-1.963
958.550	0.170	-2.175
958.560	0.210	-2.395
958.570	0.210	-2.481
958.580	0.210	-2.701
958.590	0.260	-2.848
958.600	0.260	-3.067
958.610	0.260	-3.336
958.620	0.310	-3.409
958.630	0.310	-3.442
958.640	0.310	-3.442
958.650	0.350	-3.662
958.660	0.350	-4.297
958.670	0.350	-4.297
958.680	0.380	-4.337
958.690	0.380	-4.483
958.700	0.380	-4.483
958.710	0.400	-4.557
958.720	0.400	-4.703
958.730	0.400	-4.776
958.740	0.420	-4.923
958.750	0.420	-5.142
958.760	0.420	-5.069
958.770	0.450	-5.020
958.780	0.450	-5.127
958.790	0.450	-5.273
958.800	0.470	-5.566
958.810	0.470	-5.493
958.820	0.470	-5.493
958.830	0.500	-5.859
958.840	0.500	-6.079
958.850	0.500	-5.786
958.860	0.520	-5.713
958.870	0.520	-6.006
958.880	0.520	-6.226
958.890	0.540	-6.152
958.900	0.540	-6.079
958.910	0.540	-6.372
958.920	0.540	-6.445
958.930	0.540	-6.152
958.940	0.540	-6.006
958.950	0.540	-6.299
958.960	0.540	-6.372
958.970	0.540	-6.226
958.980	0.530	-6.372
958.990	0.530	-6.519
959.000	0.530	-6.372
959.010	0.520	-6.006
959.020	0.520	-6.079
959.030	0.520	-6.226
959.040	0.500	-6.152
959.050	0.500	-5.933
959.060	0.500	-6.079
959.070	0.490	-6.152
959.080	0.490	-5.713
959.090	0.490	-5.493
959.100	0.460	-5.493
959.110	0.460	-5.713
959.120	0.460	-5.493
959.130	0.430	-5.273
959.140	0.430	-5.200
959.150	0.430	-5.347
959.160	0.400	-5.127
959.170	0.400	-4.907
959.180	0.400	-4.834
959.190	0.350	-4.687
959.200	0.350	-4.468
959.210	0.350	-4.248
959.220	0.310	-4.248
959.230	0.310	-4.102
959.240	0.310	-3.955
959.250	0.260	-3.589
959.260	0.260	-3.296
959.270	0.260	-3.076
959.280	0.210	-3.076
959.290	0.210	-3.003
959.300	0.210	-3.076
959.310	0.160	-2.783
959.320	0.160	-2.490
959.330	0.160	-2.344
959.340	0.110	-2.197
959.350	0.110	-1.904
959.360	0.110	-1.758
959.370	0.040	-1.318
959.380	0.040	-1.099
959.390	0.040	-0.732
959.400	-0.030	-0.586
959.410	-0.030	-0.586
959.420	-0.030	-0.373
959.430	-0.070	-0.153
959.440	-0.070	0.075
959.450	-0.070	0.148
959.460	-0.110	0.354
959.470	-0.110	0.574
959.480	-0.110	1.111
959.490	-0.160	1.331
959.500	-0.160	1.331
959.510	-0.160	1.704
959.520	-0.200	1.704
959.530	-0.200	1.850
959.540	-0.200	2.135
959.550	-0.240	2.135
959.560	-0.240	2.222
959.570	-0.240	2.563
959.580	-0.280	2.563
959.590	-0.280	2.637
959.600	-0.280	2.783
959.610	-0.330	2.783
959.620	-0.330	2.856
959.630	-0.330	3.076
959.640	-0.370	3.076
959.650	-0.370	3.442
959.660	-0.370	3.809
959.670	-0.410	3.809
959.680	-0.410	3.809
959.690	-0.410	4.248
959.700	-0.450	4.248
959.710	-0.450	4.395
959.720	-0.450	4.468
959.730	-0.480	4.614
959.740	-0.480	4.834
959.750	-0.480	4.980
959.760	-0.520	5.000
959.770	-0.520	5.074
959.780	-0.520	5.293
959.790	-0.560	5.513
959.800	-0.560	5.367
959.810	-0.560	5.367
959.820	-0.590	5.733
959.830	-0.590	6.099
959.840	-0.590	6.099
959.850	-0.600	5.879
959.860	-0.600	6.152
959.870	-0.600	6.299
959.880	-0.620	6.152
959.890	-0.620	6.079
959.900	-0.620	6.445
959.910	-0.640	6.665
959.920	-0.640	6.519
959.930	-0.640	6.519
959.940	-0.650	6.592
959.950	-0.650	6.592
959.960	-0.650	6.372
959.970	-0.660	6.738
959.980	-0.660	6.812
959.990	-0.660	6.812
960.000	-0.640	6.738
960.010	-0.640	6.665
960.020	-0.640	6.592
960.030	-0.630	6.372
960.040	-0.630	6.592
960.050	-0.630	6.665
960.060	-0.610	6.592
960.070	-0.610	6.372
960.080	-0.610	6.519
960.090	-0.600	6.399
960.100	-0.600	6.032
960.110	-0.600	6.032
960.120	-0.580	6.325
960.130	-0.580	6.309
960.140	-0.580	5.943
960.150	-0.560	5.890
960.160	-0.560	5.963
960.170	-0.560	5.670
960.180	-0.520	5.377
960.190	-0.520	5.318
960.200	-0.520	5.391
960.210	-0.490	5.404
960.220	-0.490	5.038
960.230	-0.490	4.835
960.240	-0.450	4.688
960.250	-0.450	4.562
960.260	-0.450	4.416
960.270	-0.390	4.376
960.280	-0.390	4.156
960.290	-0.390	3.969
960.300	-0.330	3.676
960.310	-0.330	3.321
960.320	-0.330	3.028
960.330	-0.280	2.862
960.340	-0.280	2.715
960.350	-0.280	2.528
960.360	-0.220	2.308
960.370	-0.220	2.071
960.380	-0.220	1.998
960.390	-0.160	1.912
960.400	-0.160	1.692
960.410	-0.160	1.521
960.420	-0.100	1.375
960.430	-0.100	1.175
960.440	-0.100	0.955
960.450	-0.030	0.669
960.460	-0.030	0.376
960.470	-0.030	0.067
960.480	0.030	-0.300
960.490	0.030	-0.677
960.500	0.030	-0.897
960.510	0.100	-1.170
960.520	0.100	-1.389
960.530	0.100	-1.536
960.540	0.170	-1.756
960.550	0.170	-1.933
960.560	0.170	-2.080
960.570	0.230	-2.266
