%Time [ms]	Commanded Torque [mNm]	Angular Velocity [RPM]	Actual Current [Amp]	%2/25/20222:27 PM
0.000	0.000	0.000	0.000
20.000	10.000	19.531	0.003
30.000	10.000	19.531	0.003
40.000	10.000	1.953	0.003
50.000	10.000	1.953	0.006
60.000	10.000	1.953	0.007
70.000	10.000	9.766	0.007
80.000	10.000	9.766	0.003
90.000	10.000	9.766	0.006
100.000	10.000	-3.906	0.006
110.000	10.000	-3.906	0.004
120.000	10.000	-3.906	0.003
130.000	10.000	7.812	0.003
140.000	10.000	7.812	0.003
150.000	10.000	7.812	0.001
160.000	10.000	7.812	0.001
170.000	10.000	7.812	0.007
180.000	10.000	7.812	0.001
190.000	10.000	11.719	0.001
200.000	10.000	11.719	0.001
210.000	10.000	11.719	-0.000
220.000	10.000	7.812	-0.000
230.000	10.000	7.812	0.002
240.000	10.000	7.812	-0.000
250.000	10.000	-3.906	-0.000
260.000	10.000	-3.906	-0.002
270.000	10.000	-3.906	0.001
280.000	10.000	13.672	0.001
290.000	10.000	13.672	-0.000
300.000	10.000	13.672	-0.003
310.000	10.000	5.859	-0.003
320.000	10.000	5.859	0.001
330.000	10.000	5.859	-0.002
340.000	10.000	3.906	-0.002
350.000	10.000	3.906	0.001
360.000	10.000	3.906	0.002
370.000	10.000	3.906	0.002
380.000	10.000	3.906	0.002
390.000	10.000	3.906	0.002
400.000	10.000	0.000	0.002
410.000	10.000	0.000	0.001
420.000	10.000	0.000	-0.002
430.000	10.000	5.859	-0.002
440.000	10.000	5.859	-0.000
450.000	10.000	5.859	-0.000
460.000	10.000	15.625	0.003
470.000	10.000	15.625	0.007
480.000	10.000	15.625	0.004
490.000	10.000	29.297	0.003
500.000	10.000	29.297	0.006
510.000	10.000	29.297	0.003
520.000	10.000	17.578	0.003
530.000	10.000	17.578	0.006
540.000	10.000	17.578	0.004
550.000	10.000	13.672	0.007
560.000	10.000	13.672	0.006
570.000	10.000	13.672	0.002
580.000	10.000	-7.812	0.006
590.000	10.000	-7.812	0.003
600.000	10.000	-7.812	0.006
610.000	10.000	19.531	0.004
620.000	10.000	19.531	0.006
630.000	10.000	19.531	0.007
640.000	10.000	3.906	0.004
650.000	10.000	3.906	0.007
660.000	10.000	3.906	0.001
670.000	10.000	13.672	0.001
680.000	10.000	13.672	-0.000
690.000	10.000	13.672	0.001
700.000	10.000	7.812	0.001
710.000	10.000	7.812	0.002
720.000	10.000	7.812	-0.000
730.000	10.000	0.000	-0.000
740.000	10.000	0.000	-0.003
750.000	10.000	0.000	-0.002
760.000	10.000	-1.953	0.001
770.000	10.000	-1.953	0.002
780.000	10.000	-1.953	0.002
790.000	10.000	9.766	-0.003
800.000	10.000	9.766	0.001
810.000	10.000	9.766	0.001
820.000	10.000	5.859	-0.003
830.000	10.000	5.859	-0.000
840.000	10.000	5.859	-0.002
850.000	10.000	15.625	-0.002
860.000	10.000	15.625	-0.000
870.000	10.000	15.625	0.001
880.000	10.000	17.578	-0.002
890.000	10.000	17.578	-0.002
900.000	10.000	17.578	0.002
910.000	10.000	-3.906	-0.000
920.000	10.000	-3.906	-0.002
930.000	10.000	-3.906	-0.002
940.000	10.000	17.578	-0.002
950.000	10.000	17.578	-0.000
960.000	10.000	17.578	-0.000
970.000	10.000	9.766	0.004
980.000	10.000	9.766	0.006
990.000	10.000	9.766	0.004
1000.000	10.000	3.906	0.004
1010.000	10.000	3.906	0.006
1020.000	10.000	3.906	0.003
1030.000	10.000	-1.953	0.002
1040.000	10.000	-1.953	0.004
1050.000	10.000	-1.953	0.394
1060.000	10.000	35.156	0.397
1070.000	10.000	35.156	0.394
1080.000	10.000	35.156	0.396
1090.000	10.000	0.000	0.395
1100.000	10.000	0.000	0.399
1110.000	10.000	0.000	0.393
1120.000	10.000	23.437	0.397
1130.000	10.000	23.437	0.399
1140.000	10.000	23.437	0.396
1150.000	10.000	3.906	0.397
1160.000	10.000	3.906	0.396
1170.000	10.000	3.906	0.395
1180.000	10.000	1.953	0.395
1190.000	10.000	1.953	0.397
1200.000	10.000	1.953	0.393
1210.000	10.000	11.719	0.396
1220.000	10.000	11.719	0.402
1230.000	10.000	11.719	0.394
1240.000	10.000	7.812	0.394
1250.000	10.000	7.812	0.397
1260.000	10.000	7.812	0.396
1270.000	10.000	7.812	0.397
1280.000	10.000	7.812	0.395
1290.000	10.000	7.812	0.399
1300.000	10.000	7.812	0.396
1310.000	10.000	7.812	0.396
1320.000	10.000	7.812	0.400
1330.000	10.000	29.297	0.395
1340.000	10.000	29.297	0.396
1350.000	10.000	29.297	0.389
1360.000	10.000	29.297	0.391
1370.000	10.000	29.297	0.389
1380.000	10.000	29.297	0.390
1390.000	10.000	5.859	0.390
1400.000	10.000	5.859	0.394
1410.000	10.000	5.859	0.393
1420.000	10.000	9.766	0.391
1430.000	10.000	9.766	0.385
1440.000	10.000	9.766	0.389
1450.000	10.000	11.719	0.391
1460.000	10.000	11.719	0.391
1470.000	10.000	11.719	0.394
1480.000	10.000	-13.672	0.394
1490.000	10.000	-13.672	0.389
1500.000	10.000	-13.672	0.394
1510.000	10.000	17.578	0.394
1520.000	10.000	17.578	0.391
1530.000	10.000	17.578	0.393
1540.000	10.000	33.203	0.393
1550.000	10.000	33.203	0.393
1560.000	10.000	33.203	0.396
1570.000	10.000	3.906	0.396
1580.000	10.000	3.906	0.395
1590.000	10.000	3.906	0.391
1600.000	10.000	7.812	0.391
1610.000	10.000	7.812	0.395
1620.000	10.000	7.812	0.393
1630.000	10.000	5.859	0.393
1640.000	10.000	5.859	0.395
1650.000	10.000	5.859	0.397
1660.000	10.000	5.859	0.397
1670.000	10.000	5.859	0.394
1680.000	10.000	5.859	0.395
1690.000	10.000	3.906	0.399
1700.000	10.000	3.906	0.395
1710.000	10.000	3.906	0.395
1720.000	10.000	0.000	0.394
1730.000	10.000	0.000	0.396
1740.000	10.000	0.000	0.395
1750.000	10.000	21.484	0.397
1760.000	10.000	21.484	0.397
1770.000	10.000	21.484	0.394
1780.000	10.000	3.906	0.395
1790.000	10.000	3.906	0.399
1800.000	10.000	3.906	0.395
1810.000	10.000	0.000	0.394
1820.000	10.000	0.000	0.396
1830.000	10.000	0.000	0.396
1840.000	10.000	5.859	0.395
1850.000	10.000	5.859	0.394
1860.000	10.000	5.859	0.396
1870.000	10.000	9.766	0.397
1880.000	10.000	9.766	0.396
1890.000	10.000	9.766	0.395
1900.000	10.000	11.719	0.406
1910.000	10.000	11.719	0.395
1920.000	10.000	11.719	0.396
1930.000	10.000	0.000	0.396
1940.000	10.000	0.000	0.399
1950.000	10.000	0.000	0.399
1960.000	10.000	-1.953	0.396
1970.000	10.000	-1.953	0.395
1980.000	10.000	-1.953	0.396
1990.000	10.000	7.812	0.395
2000.000	10.000	7.812	0.389
2010.000	10.000	7.812	0.393
2020.000	10.000	3.906	0.389
2030.000	10.000	3.906	0.390
2040.000	10.000	3.906	0.391
2050.000	10.000	15.625	0.388
2060.000	10.000	15.625	0.391
2070.000	10.000	15.625	0.390
2080.000	10.000	-3.906	0.391
2090.000	10.000	-3.906	0.391
2100.000	10.000	-3.906	0.394
2110.000	10.000	15.625	0.391
2120.000	10.000	15.625	0.390
2130.000	10.000	15.625	0.389
2140.000	10.000	5.859	0.391
2150.000	10.000	5.859	0.394
2160.000	10.000	5.859	0.406
2170.000	10.000	13.672	0.395
2180.000	10.000	13.672	0.394
2190.000	10.000	13.672	0.393
2200.000	10.000	7.812	0.391
2210.000	10.000	7.812	0.391
2220.000	10.000	7.812	0.390
2230.000	10.000	-5.859	0.400
2240.000	10.000	-5.859	0.401
2250.000	10.000	-5.859	0.397
2260.000	10.000	15.625	0.401
2270.000	10.000	15.625	0.396
2280.000	10.000	15.625	0.397
2290.000	10.000	7.812	0.397
2300.000	10.000	7.812	0.396
2310.000	10.000	7.812	0.395
2320.000	10.000	3.906	0.394
2330.000	10.000	3.906	0.396
2340.000	10.000	3.906	0.400
2350.000	10.000	-23.437	0.400
2360.000	10.000	-23.437	0.399
2370.000	10.000	-23.437	0.404
2380.000	10.000	5.859	0.397
2390.000	10.000	5.859	0.394
2400.000	10.000	5.859	0.395
2410.000	10.000	1.953	0.399
2420.000	10.000	1.953	0.397
2430.000	10.000	1.953	0.396
2440.000	10.000	-1.953	0.394
2450.000	10.000	-1.953	0.397
2460.000	10.000	-1.953	0.394
2470.000	10.000	5.859	0.397
2480.000	10.000	5.859	0.395
2490.000	10.000	5.859	0.394
2500.000	10.000	5.859	0.394
2510.000	10.000	5.859	0.396
2520.000	10.000	5.859	0.395
2530.000	10.000	11.719	0.394
2540.000	10.000	11.719	0.396
2550.000	10.000	11.719	0.397
2560.000	10.000	13.672	0.395
2570.000	10.000	13.672	0.396
2580.000	10.000	13.672	0.396
2590.000	10.000	5.859	0.391
2600.000	10.000	5.859	0.397
2610.000	10.000	5.859	0.415
2620.000	10.000	5.859	0.397
2630.000	10.000	5.859	0.395
2640.000	10.000	5.859	0.395
2650.000	10.000	9.766	0.393
2660.000	10.000	9.766	0.399
2670.000	10.000	9.766	0.397
2680.000	10.000	0.000	0.396
2690.000	10.000	0.000	0.396
2700.000	10.000	0.000	0.397
2710.000	10.000	9.766	0.394
2720.000	10.000	9.766	0.400
2730.000	10.000	9.766	0.395
2740.000	10.000	9.766	0.399
2750.000	10.000	9.766	0.397
2760.000	10.000	9.766	0.402
2770.000	10.000	11.719	0.412
2780.000	10.000	11.719	0.399
2790.000	10.000	11.719	0.395
2800.000	10.000	3.906	0.394
2810.000	10.000	3.906	0.401
2820.000	10.000	3.906	0.400
2830.000	10.000	9.766	0.394
2840.000	10.000	9.766	0.400
2850.000	10.000	9.766	0.399
2860.000	10.000	17.578	0.396
2870.000	10.000	17.578	0.391
2880.000	10.000	17.578	0.389
2890.000	10.000	-7.812	0.394
2900.000	10.000	-7.812	0.390
2910.000	10.000	-7.812	0.395
2920.000	10.000	0.000	0.390
2930.000	10.000	0.000	0.389
2940.000	10.000	0.000	0.396
2950.000	10.000	0.000	0.390
2960.000	10.000	0.000	0.303
2970.000	10.000	0.000	0.394
2980.000	10.000	7.812	0.389
2990.000	10.000	7.812	0.389
3000.000	10.000	7.812	0.394
3010.000	10.000	-7.812	0.389
3020.000	10.000	-7.812	0.391
3030.000	10.000	-7.812	0.391
3040.000	10.000	-3.906	0.390
3050.000	10.000	-3.906	0.393
3060.000	10.000	-3.906	0.395
3070.000	10.000	0.000	0.395
3080.000	10.000	0.000	0.389
3090.000	10.000	0.000	0.407
3100.000	10.000	-13.672	0.391
3110.000	10.000	-13.672	0.390
3120.000	10.000	-13.672	0.389
3130.000	10.000	7.812	0.389
3140.000	10.000	7.812	0.389
3150.000	10.000	7.812	0.391
3160.000	10.000	5.859	0.391
3170.000	10.000	5.859	0.421
3180.000	10.000	5.859	0.388
3190.000	10.000	1.953	0.388
3200.000	10.000	1.953	0.390
3210.000	10.000	1.953	0.389
3220.000	10.000	3.906	0.389
3230.000	10.000	3.906	0.393
3240.000	10.000	3.906	0.391
3250.000	10.000	0.000	0.286
3260.000	10.000	0.000	0.391
3270.000	10.000	0.000	0.394
3280.000	10.000	-1.953	0.395
3290.000	10.000	-1.953	0.399
3300.000	10.000	-1.953	0.395
3310.000	10.000	-27.344	0.397
3320.000	10.000	-27.344	0.394
3330.000	10.000	-27.344	0.394
3340.000	10.000	9.766	0.397
3350.000	10.000	9.766	0.397
3360.000	10.000	9.766	0.393
3370.000	10.000	1.953	0.396
3380.000	10.000	1.953	0.402
3390.000	10.000	1.953	0.397
3400.000	10.000	3.906	0.397
3410.000	10.000	3.906	0.396
3420.000	10.000	3.906	0.395
3430.000	10.000	27.344	0.395
3440.000	10.000	27.344	0.395
3450.000	10.000	27.344	0.404
3460.000	10.000	19.531	0.396
3470.000	10.000	19.531	0.417
3480.000	10.000	19.531	0.404
3490.000	10.000	9.766	0.397
3500.000	10.000	9.766	0.397
3510.000	10.000	9.766	0.394
3520.000	10.000	11.719	0.400
3530.000	10.000	11.719	0.401
3540.000	10.000	11.719	0.396
3550.000	10.000	0.000	0.397
3560.000	10.000	0.000	0.391
3570.000	10.000	0.000	0.395
3580.000	10.000	15.625	0.399
3590.000	10.000	15.625	0.396
3600.000	10.000	15.625	0.395
3610.000	10.000	17.578	0.395
3620.000	10.000	17.578	0.394
3630.000	10.000	17.578	0.396
3640.000	10.000	1.953	0.399
3650.000	10.000	1.953	0.396
3660.000	10.000	1.953	0.395
3670.000	10.000	23.437	0.412
3680.000	10.000	23.437	0.396
3690.000	10.000	23.437	0.395
3700.000	10.000	3.906	0.396
3710.000	10.000	3.906	0.394
3720.000	10.000	3.906	0.394
3730.000	10.000	5.859	0.401
3740.000	10.000	5.859	0.396
3750.000	10.000	5.859	0.393
3760.000	10.000	5.859	0.395
3770.000	10.000	5.859	0.396
3780.000	10.000	5.859	0.394
3790.000	10.000	9.766	0.399
3800.000	10.000	9.766	0.394
3810.000	10.000	9.766	0.397
3820.000	10.000	11.719	0.396
3830.000	10.000	11.719	0.394
3840.000	10.000	11.719	0.396
3850.000	10.000	3.906	0.394
3860.000	10.000	3.906	0.394
3870.000	10.000	3.906	0.399
3880.000	10.000	17.578	0.399
3890.000	10.000	17.578	0.399
3900.000	10.000	17.578	0.396
3910.000	10.000	15.625	0.397
3920.000	10.000	15.625	0.399
3930.000	10.000	15.625	0.399
3940.000	10.000	0.000	0.397
3950.000	10.000	0.000	0.395
3960.000	10.000	0.000	0.395
3970.000	10.000	-3.906	0.405
3980.000	10.000	-3.906	0.395
3990.000	10.000	-3.906	0.396
4000.000	10.000	-7.812	0.410
4010.000	10.000	-7.812	0.397
4020.000	10.000	-7.812	0.394
4030.000	10.000	11.719	0.397
4040.000	10.000	11.719	0.394
4050.000	10.000	11.719	0.402
4060.000	10.000	1.953	0.396
4070.000	10.000	1.953	0.396
4080.000	10.000	1.953	0.395
4090.000	10.000	9.766	0.396
4100.000	10.000	9.766	0.394
4110.000	10.000	9.766	0.394
4120.000	10.000	7.812	0.399
4130.000	10.000	7.812	0.394
4140.000	10.000	7.812	0.401
4150.000	10.000	-15.625	0.395
4160.000	10.000	-15.625	0.395
4170.000	10.000	-15.625	0.397
4180.000	10.000	42.969	0.397
4190.000	10.000	42.969	0.397
4200.000	10.000	42.969	0.400
4210.000	10.000	11.719	0.400
4220.000	10.000	11.719	0.344
4230.000	10.000	11.719	0.399
4240.000	10.000	-19.531	0.399
4250.000	10.000	-19.531	0.394
4260.000	10.000	-19.531	0.396
4270.000	10.000	-7.812	0.396
4280.000	10.000	-7.812	0.395
4290.000	10.000	-7.812	0.401
4300.000	10.000	13.672	0.401
4310.000	10.000	13.672	0.395
4320.000	10.000	13.672	0.397
4330.000	10.000	11.719	0.397
4340.000	10.000	11.719	0.396
4350.000	10.000	11.719	0.396
4360.000	10.000	23.437	0.393
4370.000	10.000	23.437	0.396
4380.000	10.000	23.437	0.395
4390.000	10.000	0.000	0.394
4400.000	10.000	0.000	0.394
4410.000	10.000	0.000	0.397
4420.000	10.000	9.766	0.395
4430.000	10.000	9.766	0.394
4440.000	10.000	9.766	0.395
4450.000	10.000	0.000	0.395
4460.000	10.000	0.000	0.394
4470.000	10.000	0.000	0.394
4480.000	10.000	-29.297	0.401
4490.000	10.000	-29.297	0.404
4500.000	10.000	-29.297	0.395
4510.000	10.000	-9.766	0.399
4520.000	10.000	-9.766	0.394
4530.000	10.000	-9.766	0.399
4540.000	10.000	5.859	0.399
4550.000	10.000	5.859	0.187
4560.000	10.000	5.859	0.397
4570.000	10.000	1.953	0.396
4580.000	10.000	1.953	0.395
4590.000	10.000	1.953	0.401
4600.000	10.000	3.906	0.399
4610.000	10.000	3.906	0.396
4620.000	10.000	3.906	0.402
4630.000	10.000	11.719	0.396
4640.000	10.000	11.719	0.393
4650.000	10.000	11.719	0.394
4660.000	10.000	9.766	0.394
4670.000	10.000	9.766	0.417
4680.000	10.000	9.766	0.397
4690.000	10.000	31.250	0.397
4700.000	10.000	31.250	0.396
4710.000	10.000	31.250	0.399
4720.000	10.000	29.297	0.399
4730.000	10.000	29.297	0.394
4740.000	10.000	29.297	0.400
4750.000	10.000	-3.906	0.395
4760.000	10.000	-3.906	0.391
4770.000	10.000	-3.906	0.397
4780.000	10.000	-1.953	0.394
4790.000	10.000	-1.953	0.395
4800.000	10.000	-1.953	0.393
4810.000	10.000	21.484	0.393
4820.000	10.000	21.484	0.391
4830.000	10.000	21.484	0.391
4840.000	10.000	5.859	0.391
4850.000	10.000	5.859	0.389
4860.000	10.000	5.859	0.390
4870.000	10.000	5.859	0.390
4880.000	10.000	5.859	0.388
4890.000	10.000	5.859	0.389
4900.000	10.000	33.203	0.389
4910.000	10.000	33.203	0.390
4920.000	10.000	33.203	0.390
4930.000	10.000	-33.203	0.390
4940.000	10.000	-33.203	0.399
4950.000	10.000	-33.203	0.390
4960.000	10.000	7.812	0.405
4970.000	10.000	7.812	0.393
4980.000	10.000	7.812	0.394
4990.000	10.000	5.859	0.393
5000.000	10.000	5.859	0.391
5010.000	10.000	5.859	0.396
5020.000	10.000	15.625	0.391
5030.000	10.000	15.625	0.394
5040.000	10.000	15.625	0.396
5050.000	10.000	0.000	0.393
5060.000	10.000	0.000	0.399
5070.000	10.000	0.000	0.393
5080.000	10.000	1.953	0.391
5090.000	10.000	1.953	0.394
5100.000	10.000	1.953	0.389
5110.000	10.000	9.766	0.391
5120.000	10.000	9.766	0.394
5130.000	10.000	9.766	0.395
5140.000	10.000	-31.250	0.391
5150.000	10.000	-31.250	0.401
5160.000	10.000	-31.250	0.395
5170.000	10.000	11.719	0.413
5180.000	10.000	11.719	0.393
5190.000	10.000	11.719	0.394
5200.000	10.000	13.672	0.393
5210.000	10.000	13.672	0.418
5220.000	10.000	13.672	0.390
5230.000	10.000	1.953	0.393
5240.000	10.000	1.953	0.391
5250.000	10.000	1.953	0.390
5260.000	10.000	-31.250	0.391
5270.000	10.000	-31.250	0.391
5280.000	10.000	-31.250	0.391
5290.000	10.000	13.672	0.394
5300.000	10.000	13.672	0.389
5310.000	10.000	13.672	0.394
5320.000	10.000	-1.953	0.394
5330.000	10.000	-1.953	0.393
5340.000	10.000	-1.953	0.393
5350.000	10.000	23.437	0.393
5360.000	10.000	23.437	0.390
5370.000	10.000	23.437	0.394
5380.000	10.000	15.625	0.394
5390.000	10.000	15.625	0.344
5400.000	10.000	15.625	0.391
5410.000	10.000	23.437	0.368
5420.000	10.000	23.437	0.391
5430.000	10.000	23.437	0.411
5440.000	10.000	15.625	0.391
5450.000	10.000	15.625	0.401
5460.000	10.000	15.625	0.391
5470.000	10.000	7.812	0.397
5480.000	10.000	7.812	0.391
5490.000	10.000	7.812	0.390
5500.000	10.000	5.859	0.389
5510.000	10.000	5.859	0.394
5520.000	10.000	5.859	0.391
5530.000	10.000	11.719	0.394
5540.000	10.000	11.719	0.393
5550.000	10.000	11.719	0.393
5560.000	10.000	3.906	0.396
5570.000	10.000	3.906	0.388
5580.000	10.000	3.906	0.389
5590.000	10.000	25.391	0.394
5600.000	10.000	25.391	0.391
5610.000	10.000	25.391	0.395
5620.000	10.000	-3.906	0.397
5630.000	10.000	-3.906	0.391
5640.000	10.000	-3.906	0.395
5650.000	10.000	7.812	0.397
5660.000	10.000	7.812	0.397
5670.000	10.000	7.812	0.389
5680.000	10.000	0.000	0.396
5690.000	10.000	0.000	0.391
5700.000	10.000	0.000	0.391
5710.000	10.000	-3.906	0.391
5720.000	10.000	-3.906	0.395
5730.000	10.000	-3.906	0.397
5740.000	10.000	11.719	0.399
5750.000	10.000	11.719	0.413
5760.000	10.000	11.719	0.395
5770.000	10.000	3.906	0.401
5780.000	10.000	3.906	0.396
5790.000	10.000	3.906	0.395
5800.000	10.000	0.000	0.401
5810.000	10.000	0.000	0.391
5820.000	10.000	0.000	0.397
5830.000	10.000	15.625	0.399
5840.000	10.000	15.625	0.400
5850.000	10.000	15.625	0.394
5860.000	10.000	13.672	0.401
5870.000	10.000	13.672	0.395
5880.000	10.000	13.672	0.401
5890.000	10.000	9.766	0.401
5900.000	10.000	9.766	0.395
5910.000	10.000	9.766	0.404
5920.000	10.000	1.953	0.404
5930.000	10.000	1.953	0.395
5940.000	10.000	1.953	0.397
5950.000	10.000	37.109	0.394
5960.000	10.000	37.109	0.401
5970.000	10.000	37.109	0.393
5980.000	10.000	11.719	0.411
5990.000	10.000	11.719	0.401
6000.000	10.000	11.719	0.395
6010.000	10.000	5.859	0.394
6020.000	10.000	5.859	0.399
6030.000	10.000	5.859	0.319
6040.000	10.000	1.953	0.396
6050.000	10.000	1.953	-0.000
6060.000	10.000	1.953	0.002
6070.000	10.000	7.812	-0.003
6080.000	10.000	7.812	0.001
6090.000	10.000	7.812	-0.000
6100.000	10.000	15.625	0.002
6110.000	10.000	15.625	0.001
6120.000	10.000	15.625	0.001
6130.000	10.000	1.953	-0.000
6140.000	10.000	1.953	-0.002
6150.000	10.000	1.953	0.002
6160.000	10.000	1.953	0.002
6170.000	10.000	1.953	-0.003
6180.000	10.000	1.953	0.003
6190.000	10.000	7.812	0.003
6200.000	10.000	7.812	0.006
6210.000	10.000	7.812	0.003
6220.000	10.000	-23.437	0.003
6230.000	10.000	-23.437	0.002
6240.000	10.000	-23.437	-0.002
6250.000	10.000	0.000	-0.002
6260.000	10.000	0.000	-0.002
6270.000	10.000	0.000	0.002
6280.000	10.000	13.672	0.002
6290.000	10.000	13.672	0.006
6300.000	10.000	13.672	0.006
6310.000	10.000	3.906	0.006
6320.000	10.000	3.906	-0.000
6330.000	10.000	3.906	0.001
6340.000	10.000	27.344	0.003
6350.000	10.000	27.344	0.002
6360.000	10.000	27.344	0.003
6370.000	10.000	21.484	0.002
6380.000	10.000	21.484	0.004
6390.000	10.000	21.484	0.003
6400.000	10.000	11.719	0.003
6410.000	10.000	11.719	0.003
6420.000	10.000	11.719	0.001
6430.000	10.000	-21.484	0.001
6440.000	10.000	-21.484	0.002
6450.000	10.000	-21.484	-0.007
6460.000	10.000	3.906	0.002
6470.000	10.000	3.906	-0.000
6480.000	10.000	3.906	0.003
6490.000	10.000	3.906	0.002
6500.000	10.000	3.906	0.004
6510.000	10.000	3.906	0.003
6520.000	10.000	15.625	0.004
6530.000	10.000	15.625	0.004
6540.000	10.000	15.625	-0.002
6550.000	10.000	7.812	0.001
6560.000	10.000	7.812	-0.003
6570.000	10.000	7.812	0.001
6580.000	10.000	5.859	0.007
6590.000	10.000	5.859	0.004
6600.000	10.000	5.859	0.003
6610.000	10.000	9.766	0.006
6620.000	10.000	9.766	0.008
6630.000	10.000	9.766	0.003
6640.000	10.000	5.859	0.003
6650.000	10.000	5.859	-0.000
6660.000	10.000	5.859	-0.000
6670.000	10.000	0.000	-0.000
6680.000	10.000	0.000	-0.002
6690.000	10.000	0.000	0.006
6700.000	10.000	27.344	0.006
6710.000	10.000	27.344	0.006
6720.000	10.000	27.344	0.004
6730.000	10.000	-1.953	0.004
6740.000	10.000	-1.953	0.004
6750.000	10.000	-1.953	0.002
6760.000	10.000	9.766	0.002
6770.000	10.000	9.766	-0.004
6780.000	10.000	9.766	-0.002
6790.000	10.000	5.859	-0.002
6800.000	10.000	5.859	0.002
6810.000	10.000	5.859	0.004
6820.000	10.000	0.000	0.004
6830.000	10.000	0.000	0.004
6840.000	10.000	0.000	0.003
6850.000	10.000	11.719	0.003
6860.000	10.000	11.719	0.002
6870.000	10.000	11.719	-0.005
6880.000	10.000	11.719	-0.005
6890.000	10.000	11.719	-0.000
6900.000	10.000	11.719	0.001
6910.000	10.000	9.766	0.001
6920.000	10.000	9.766	0.007
6930.000	10.000	9.766	0.006
6940.000	10.000	5.859	0.003
6950.000	10.000	5.859	0.006
6960.000	10.000	5.859	0.003
6970.000	10.000	-1.953	-0.000
6980.000	10.000	-1.953	-0.004
6990.000	10.000	-1.953	-0.002
7000.000	10.000	9.766	-0.002
7010.000	10.000	9.766	-0.000
7020.000	10.000	9.766	-0.002
