%Time [ms]	Commanded Torque [mNm]	Angular Velocity [RPM]	Actual Current [Amp]	%2/25/20222:26 PM
0.000	0.000	0.000	0.000
20.000	10.000	21.484	0.002
30.000	10.000	21.484	0.002
40.000	10.000	-21.484	0.003
50.000	10.000	-21.484	0.004
60.000	10.000	-21.484	0.006
70.000	10.000	15.625	0.003
80.000	10.000	15.625	0.006
90.000	10.000	15.625	0.003
100.000	10.000	1.953	0.003
110.000	10.000	1.953	0.004
120.000	10.000	1.953	0.002
130.000	10.000	13.672	0.002
140.000	10.000	13.672	0.004
150.000	10.000	13.672	0.002
160.000	10.000	29.297	0.004
170.000	10.000	29.297	0.003
180.000	10.000	29.297	0.004
190.000	10.000	7.812	0.002
200.000	10.000	7.812	0.006
210.000	10.000	7.812	0.006
220.000	10.000	37.109	0.006
230.000	10.000	37.109	0.006
240.000	10.000	37.109	0.006
250.000	10.000	33.203	0.006
260.000	10.000	33.203	0.004
270.000	10.000	33.203	0.003
280.000	10.000	-25.391	0.003
290.000	10.000	-25.391	0.003
300.000	10.000	-25.391	0.003
310.000	10.000	46.875	0.003
320.000	10.000	46.875	0.003
330.000	10.000	46.875	0.004
340.000	10.000	0.000	0.002
350.000	10.000	0.000	0.004
360.000	10.000	0.000	0.003
370.000	10.000	3.906	0.003
380.000	10.000	3.906	0.003
390.000	10.000	3.906	0.002
400.000	10.000	13.672	0.003
410.000	10.000	13.672	0.002
420.000	10.000	13.672	0.003
430.000	10.000	-21.484	0.004
440.000	10.000	-21.484	0.002
450.000	10.000	-21.484	0.004
460.000	10.000	-13.672	0.003
470.000	10.000	-13.672	0.004
480.000	10.000	-13.672	0.002
490.000	10.000	41.016	0.002
500.000	10.000	41.016	0.003
510.000	10.000	41.016	0.004
520.000	10.000	11.719	0.004
530.000	10.000	11.719	0.002
540.000	10.000	11.719	0.004
550.000	10.000	-3.906	0.002
560.000	10.000	-3.906	0.003
570.000	10.000	-3.906	0.003
580.000	10.000	9.766	0.006
590.000	10.000	9.766	0.003
600.000	10.000	9.766	0.002
610.000	10.000	1.953	0.004
620.000	10.000	1.953	0.004
630.000	10.000	1.953	0.003
640.000	10.000	21.484	0.003
650.000	10.000	21.484	0.003
660.000	10.000	21.484	0.004
670.000	10.000	5.859	0.004
680.000	10.000	5.859	0.004
690.000	10.000	5.859	0.001
700.000	10.000	15.625	0.004
710.000	10.000	15.625	0.003
720.000	10.000	15.625	-0.002
730.000	10.000	5.859	-0.000
740.000	10.000	5.859	0.001
750.000	10.000	5.859	0.003
760.000	10.000	-27.344	-0.002
770.000	10.000	-27.344	-0.000
780.000	10.000	-27.344	-0.000
790.000	10.000	11.719	0.001
800.000	10.000	11.719	-0.000
810.000	10.000	11.719	0.001
820.000	10.000	0.000	-0.000
830.000	10.000	0.000	0.003
840.000	10.000	0.000	-0.002
850.000	10.000	0.000	-0.002
860.000	10.000	0.000	-0.003
870.000	10.000	0.000	0.003
880.000	10.000	0.000	0.006
890.000	10.000	0.000	-0.003
900.000	10.000	0.000	0.002
910.000	10.000	13.672	0.003
920.000	10.000	13.672	0.002
930.000	10.000	13.672	0.007
940.000	10.000	9.766	0.006
950.000	10.000	9.766	0.001
960.000	10.000	9.766	0.006
970.000	10.000	21.484	0.002
980.000	10.000	21.484	0.002
990.000	10.000	21.484	0.003
1000.000	10.000	3.906	0.002
1010.000	10.000	3.906	0.004
1020.000	10.000	3.906	0.003
1030.000	10.000	5.859	0.004
1040.000	10.000	5.859	0.003
1050.000	10.000	5.859	0.003
1060.000	10.000	31.250	0.004
1070.000	10.000	31.250	0.004
1080.000	10.000	31.250	0.003
1090.000	10.000	23.437	0.004
1100.000	10.000	23.437	0.003
1110.000	10.000	23.437	-0.000
1120.000	10.000	7.812	0.002
1130.000	10.000	7.812	0.003
1140.000	10.000	7.812	0.004
1150.000	10.000	1.953	-0.000
1160.000	10.000	1.953	0.003
1170.000	10.000	1.953	0.397
1180.000	10.000	1.953	0.396
1190.000	10.000	1.953	0.394
1200.000	10.000	1.953	0.394
1210.000	10.000	1.953	0.389
1220.000	10.000	1.953	0.389
1230.000	10.000	1.953	0.390
1240.000	10.000	9.766	0.391
1250.000	10.000	9.766	0.396
1260.000	10.000	9.766	0.391
1270.000	10.000	11.719	0.389
1280.000	10.000	11.719	0.391
1290.000	10.000	11.719	0.389
1300.000	10.000	3.906	0.389
1310.000	10.000	3.906	0.390
1320.000	10.000	3.906	0.391
1330.000	10.000	11.719	0.393
1340.000	10.000	11.719	0.391
1350.000	10.000	11.719	0.396
1360.000	10.000	23.437	0.391
1370.000	10.000	23.437	0.399
1380.000	10.000	23.437	0.394
1390.000	10.000	0.000	0.394
1400.000	10.000	0.000	0.395
1410.000	10.000	0.000	0.396
1420.000	10.000	13.672	0.396
1430.000	10.000	13.672	0.399
1440.000	10.000	13.672	0.396
1450.000	10.000	1.953	0.396
1460.000	10.000	1.953	0.396
1470.000	10.000	1.953	0.395
1480.000	10.000	11.719	0.394
1490.000	10.000	11.719	0.395
1500.000	10.000	11.719	0.394
1510.000	10.000	11.719	0.394
1520.000	10.000	11.719	0.394
1530.000	10.000	11.719	0.394
1540.000	10.000	7.812	0.396
1550.000	10.000	7.812	0.399
1560.000	10.000	7.812	0.396
1570.000	10.000	13.672	0.391
1580.000	10.000	13.672	0.395
1590.000	10.000	13.672	0.393
1600.000	10.000	7.812	0.390
1610.000	10.000	7.812	0.395
1620.000	10.000	7.812	0.395
1630.000	10.000	-13.672	0.395
1640.000	10.000	-13.672	0.395
1650.000	10.000	-13.672	0.396
1660.000	10.000	1.953	0.400
1670.000	10.000	1.953	0.394
1680.000	10.000	1.953	0.397
1690.000	10.000	0.000	0.399
1700.000	10.000	0.000	0.394
1710.000	10.000	0.000	0.394
1720.000	10.000	9.766	0.396
1730.000	10.000	9.766	0.391
1740.000	10.000	9.766	0.390
1750.000	10.000	0.000	0.395
1760.000	10.000	0.000	0.389
1770.000	10.000	0.000	0.388
1780.000	10.000	9.766	0.389
1790.000	10.000	9.766	0.400
1800.000	10.000	9.766	0.393
1810.000	10.000	7.812	0.393
1820.000	10.000	7.812	0.389
1830.000	10.000	7.812	0.388
1840.000	10.000	7.812	0.390
1850.000	10.000	7.812	0.390
1860.000	10.000	7.812	0.386
1870.000	10.000	5.859	0.390
1880.000	10.000	5.859	0.390
1890.000	10.000	5.859	0.397
1900.000	10.000	-27.344	0.394
1910.000	10.000	-27.344	0.393
1920.000	10.000	-27.344	0.397
1930.000	10.000	15.625	0.396
1940.000	10.000	15.625	0.396
1950.000	10.000	15.625	0.399
1960.000	10.000	7.812	0.395
1970.000	10.000	7.812	0.393
1980.000	10.000	7.812	0.394
1990.000	10.000	-3.906	0.394
2000.000	10.000	-3.906	0.396
2010.000	10.000	-3.906	0.396
2020.000	10.000	7.812	0.399
2030.000	10.000	7.812	0.395
2040.000	10.000	7.812	0.393
2050.000	10.000	-9.766	0.394
2060.000	10.000	-9.766	0.396
2070.000	10.000	-9.766	0.397
2080.000	10.000	-1.953	0.394
2090.000	10.000	-1.953	0.395
2100.000	10.000	-1.953	0.396
2110.000	10.000	9.766	0.391
2120.000	10.000	9.766	0.396
2130.000	10.000	9.766	0.396
2140.000	10.000	21.484	0.391
2150.000	10.000	21.484	0.401
2160.000	10.000	21.484	0.399
2170.000	10.000	13.672	0.396
2180.000	10.000	13.672	0.394
2190.000	10.000	13.672	0.400
2200.000	10.000	3.906	0.395
2210.000	10.000	3.906	0.397
2220.000	10.000	3.906	0.394
2230.000	10.000	9.766	0.394
2240.000	10.000	9.766	0.394
2250.000	10.000	9.766	0.397
2260.000	10.000	13.672	0.397
2270.000	10.000	13.672	0.395
2280.000	10.000	13.672	0.396
2290.000	10.000	-19.531	0.395
2300.000	10.000	-19.531	0.402
2310.000	10.000	-19.531	0.394
2320.000	10.000	5.859	0.394
2330.000	10.000	5.859	0.393
2340.000	10.000	5.859	0.391
2350.000	10.000	33.203	0.391
2360.000	10.000	33.203	0.389
2370.000	10.000	33.203	0.389
2380.000	10.000	21.484	0.389
2390.000	10.000	21.484	0.394
2400.000	10.000	21.484	0.390
2410.000	10.000	-1.953	0.389
2420.000	10.000	-1.953	0.391
2430.000	10.000	-1.953	0.393
2440.000	10.000	21.484	0.389
2450.000	10.000	21.484	0.393
2460.000	10.000	21.484	0.395
2470.000	10.000	5.859	0.393
2480.000	10.000	5.859	0.395
2490.000	10.000	5.859	0.390
2500.000	10.000	15.625	0.396
2510.000	10.000	15.625	0.390
2520.000	10.000	15.625	0.393
2530.000	10.000	-7.812	0.399
2540.000	10.000	-7.812	0.394
2550.000	10.000	-7.812	0.401
2560.000	10.000	9.766	0.396
2570.000	10.000	9.766	0.396
2580.000	10.000	9.766	0.399
2590.000	10.000	33.203	0.401
2600.000	10.000	33.203	0.402
2610.000	10.000	33.203	0.395
2620.000	10.000	0.000	0.396
2630.000	10.000	0.000	0.393
2640.000	10.000	0.000	0.394
2650.000	10.000	27.344	0.401
2660.000	10.000	27.344	0.395
2670.000	10.000	27.344	0.399
2680.000	10.000	0.000	0.401
2690.000	10.000	0.000	0.394
2700.000	10.000	0.000	0.396
2710.000	10.000	-27.344	0.396
2720.000	10.000	-27.344	0.400
2730.000	10.000	-27.344	0.400
2740.000	10.000	9.766	0.396
2750.000	10.000	9.766	0.396
2760.000	10.000	9.766	0.395
2770.000	10.000	23.437	0.396
2780.000	10.000	23.437	0.399
2790.000	10.000	23.437	0.394
2800.000	10.000	27.344	0.394
2810.000	10.000	27.344	0.396
2820.000	10.000	27.344	0.394
2830.000	10.000	-3.906	0.394
2840.000	10.000	-3.906	0.394
2850.000	10.000	-3.906	0.396
2860.000	10.000	1.953	0.395
2870.000	10.000	1.953	0.396
2880.000	10.000	1.953	0.396
2890.000	10.000	1.953	0.399
2900.000	10.000	1.953	0.397
2910.000	10.000	1.953	0.394
2920.000	10.000	11.719	0.394
2930.000	10.000	11.719	0.394
2940.000	10.000	11.719	0.413
2950.000	10.000	15.625	0.396
2960.000	10.000	15.625	0.399
2970.000	10.000	15.625	0.395
2980.000	10.000	15.625	0.399
2990.000	10.000	15.625	0.401
3000.000	10.000	15.625	0.395
3010.000	10.000	9.766	0.395
3020.000	10.000	9.766	0.394
3030.000	10.000	9.766	0.394
3040.000	10.000	11.719	0.390
3050.000	10.000	11.719	0.393
3060.000	10.000	11.719	0.393
3070.000	10.000	-35.156	0.394
3080.000	10.000	-35.156	0.391
3090.000	10.000	-35.156	0.389
3100.000	10.000	9.766	0.391
3110.000	10.000	9.766	0.396
3120.000	10.000	9.766	0.393
3130.000	10.000	-7.812	0.393
3140.000	10.000	-7.812	0.390
3150.000	10.000	-7.812	0.389
3160.000	10.000	11.719	0.391
3170.000	10.000	11.719	0.389
3180.000	10.000	11.719	0.390
3190.000	10.000	9.766	0.390
3200.000	10.000	9.766	0.391
3210.000	10.000	9.766	0.393
3220.000	10.000	9.766	0.393
3230.000	10.000	9.766	0.391
3240.000	10.000	9.766	0.388
3250.000	10.000	17.578	0.393
3260.000	10.000	17.578	0.391
3270.000	10.000	17.578	0.399
3280.000	10.000	13.672	0.393
3290.000	10.000	13.672	0.396
3300.000	10.000	13.672	0.419
3310.000	10.000	-3.906	0.394
3320.000	10.000	-3.906	0.396
3330.000	10.000	-3.906	0.394
3340.000	10.000	5.859	0.394
3350.000	10.000	5.859	0.395
3360.000	10.000	5.859	0.395
3370.000	10.000	3.906	0.395
3380.000	10.000	3.906	0.390
3390.000	10.000	3.906	0.395
3400.000	10.000	29.297	0.391
3410.000	10.000	29.297	0.405
3420.000	10.000	29.297	0.395
3430.000	10.000	5.859	0.397
3440.000	10.000	5.859	0.395
3450.000	10.000	5.859	0.396
3460.000	10.000	0.000	0.396
3470.000	10.000	0.000	0.395
3480.000	10.000	0.000	0.418
3490.000	10.000	1.953	0.396
3500.000	10.000	1.953	0.395
3510.000	10.000	1.953	0.399
3520.000	10.000	35.156	0.393
3530.000	10.000	35.156	0.399
3540.000	10.000	35.156	0.391
3550.000	10.000	17.578	0.394
3560.000	10.000	17.578	0.397
3570.000	10.000	17.578	0.395
3580.000	10.000	-25.391	0.430
3590.000	10.000	-25.391	0.399
3600.000	10.000	-25.391	0.396
3610.000	10.000	3.906	0.397
3620.000	10.000	3.906	0.396
3630.000	10.000	3.906	0.395
3640.000	10.000	3.906	0.397
3650.000	10.000	3.906	0.396
3660.000	10.000	3.906	0.397
3670.000	10.000	33.203	0.397
3680.000	10.000	33.203	0.405
3690.000	10.000	33.203	0.395
3700.000	10.000	3.906	0.399
3710.000	10.000	3.906	0.422
3720.000	10.000	3.906	0.394
3730.000	10.000	5.859	0.397
3740.000	10.000	5.859	0.394
3750.000	10.000	5.859	0.395
3760.000	10.000	5.859	0.394
3770.000	10.000	5.859	0.400
3780.000	10.000	5.859	0.394
3790.000	10.000	25.391	0.395
3800.000	10.000	25.391	0.397
3810.000	10.000	25.391	0.396
3820.000	10.000	5.859	0.396
3830.000	10.000	5.859	0.396
3840.000	10.000	5.859	0.394
3850.000	10.000	17.578	0.400
3860.000	10.000	17.578	0.396
3870.000	10.000	17.578	0.393
3880.000	10.000	3.906	0.395
3890.000	10.000	3.906	0.393
3900.000	10.000	3.906	0.394
3910.000	10.000	-3.906	0.396
3920.000	10.000	-3.906	0.389
3930.000	10.000	-3.906	0.393
3940.000	10.000	5.859	0.393
3950.000	10.000	5.859	0.394
3960.000	10.000	5.859	0.389
3970.000	10.000	1.953	0.389
3980.000	10.000	1.953	0.389
3990.000	10.000	1.953	0.391
4000.000	10.000	13.672	0.390
4010.000	10.000	13.672	0.390
4020.000	10.000	13.672	0.389
4030.000	10.000	5.859	0.388
4040.000	10.000	5.859	0.411
4050.000	10.000	5.859	0.395
4060.000	10.000	15.625	0.396
4070.000	10.000	15.625	0.394
4080.000	10.000	15.625	0.393
4090.000	10.000	5.859	0.390
4100.000	10.000	5.859	0.393
4110.000	10.000	5.859	0.393
4120.000	10.000	0.000	0.390
4130.000	10.000	0.000	0.389
4140.000	10.000	0.000	0.390
4150.000	10.000	11.719	0.393
4160.000	10.000	11.719	0.394
4170.000	10.000	11.719	0.393
4180.000	10.000	1.953	0.391
4190.000	10.000	1.953	0.393
4200.000	10.000	1.953	0.394
4210.000	10.000	3.906	0.390
4220.000	10.000	3.906	0.391
4230.000	10.000	3.906	0.230
4240.000	10.000	0.000	0.389
4250.000	10.000	0.000	0.399
4260.000	10.000	0.000	0.394
4270.000	10.000	11.719	0.393
4280.000	10.000	11.719	0.393
4290.000	10.000	11.719	0.390
4300.000	10.000	-5.859	0.389
4310.000	10.000	-5.859	0.416
4320.000	10.000	-5.859	0.394
4330.000	10.000	7.812	0.394
4340.000	10.000	7.812	0.395
4350.000	10.000	7.812	0.397
4360.000	10.000	15.625	0.394
4370.000	10.000	15.625	0.395
4380.000	10.000	15.625	0.399
4390.000	10.000	-5.859	0.394
4400.000	10.000	-5.859	0.396
4410.000	10.000	-5.859	0.399
4420.000	10.000	9.766	0.396
4430.000	10.000	9.766	0.396
4440.000	10.000	9.766	0.400
4450.000	10.000	-15.625	0.400
4460.000	10.000	-15.625	0.375
4470.000	10.000	-15.625	0.396
4480.000	10.000	-23.437	0.396
4490.000	10.000	-23.437	0.394
4500.000	10.000	-23.437	0.418
4510.000	10.000	7.812	0.418
4520.000	10.000	7.812	0.399
4530.000	10.000	7.812	0.394
4540.000	10.000	0.000	0.394
4550.000	10.000	0.000	0.396
4560.000	10.000	0.000	0.394
4570.000	10.000	-7.812	0.394
4580.000	10.000	-7.812	0.394
4590.000	10.000	-7.812	0.394
4600.000	10.000	5.859	0.394
4610.000	10.000	5.859	0.393
4620.000	10.000	5.859	0.399
4630.000	10.000	-1.953	0.399
4640.000	10.000	-1.953	0.400
4650.000	10.000	-1.953	0.397
4660.000	10.000	11.719	0.397
4670.000	10.000	11.719	0.395
4680.000	10.000	11.719	0.396
4690.000	10.000	5.859	0.396
4700.000	10.000	5.859	0.397
4710.000	10.000	5.859	0.400
4720.000	10.000	9.766	0.400
4730.000	10.000	9.766	0.391
4740.000	10.000	9.766	0.396
4750.000	10.000	0.000	0.396
4760.000	10.000	0.000	0.396
4770.000	10.000	0.000	0.404
4780.000	10.000	1.953	0.404
4790.000	10.000	1.953	0.416
4800.000	10.000	1.953	0.396
4810.000	10.000	5.859	0.396
4820.000	10.000	5.859	0.393
4830.000	10.000	5.859	0.399
4840.000	10.000	9.766	0.399
4850.000	10.000	9.766	0.397
4860.000	10.000	9.766	0.394
4870.000	10.000	13.672	0.394
4880.000	10.000	13.672	0.395
4890.000	10.000	13.672	0.399
4900.000	10.000	-1.953	0.399
4910.000	10.000	-1.953	0.396
4920.000	10.000	-1.953	0.399
4930.000	10.000	15.625	0.399
4940.000	10.000	15.625	0.397
4950.000	10.000	15.625	0.399
4960.000	10.000	13.672	0.399
4970.000	10.000	13.672	0.400
4980.000	10.000	13.672	0.394
4990.000	10.000	5.859	0.394
5000.000	10.000	5.859	0.397
5010.000	10.000	5.859	0.395
5020.000	10.000	11.719	0.395
5030.000	10.000	11.719	0.401
5040.000	10.000	11.719	0.396
5050.000	10.000	3.906	0.396
5060.000	10.000	3.906	0.397
5070.000	10.000	3.906	0.391
5080.000	10.000	13.672	0.391
5090.000	10.000	13.672	0.395
5100.000	10.000	13.672	0.396
5110.000	10.000	-3.906	0.396
5120.000	10.000	-3.906	0.394
5130.000	10.000	-3.906	0.399
5140.000	10.000	3.906	0.399
5150.000	10.000	3.906	0.397
5160.000	10.000	3.906	0.399
5170.000	10.000	0.000	0.399
5180.000	10.000	0.000	0.396
5190.000	10.000	0.000	0.395
5200.000	10.000	-25.391	0.395
5210.000	10.000	-25.391	0.406
5220.000	10.000	-25.391	0.397
5230.000	10.000	19.531	0.397
5240.000	10.000	19.531	0.401
5250.000	10.000	19.531	0.416
5260.000	10.000	13.672	0.416
5270.000	10.000	13.672	0.394
5280.000	10.000	13.672	0.395
5290.000	10.000	3.906	0.395
5300.000	10.000	3.906	0.419
5310.000	10.000	3.906	0.412
5320.000	10.000	-19.531	0.412
5330.000	10.000	-19.531	0.396
5340.000	10.000	-19.531	0.404
5350.000	10.000	-11.719	0.404
5360.000	10.000	-11.719	0.401
5370.000	10.000	-11.719	0.401
5380.000	10.000	1.953	0.401
5390.000	10.000	1.953	0.397
5400.000	10.000	1.953	0.394
5410.000	10.000	-7.812	0.397
5420.000	10.000	-7.812	0.396
5430.000	10.000	-7.812	0.395
5440.000	10.000	9.766	0.397
5450.000	10.000	9.766	0.395
5460.000	10.000	9.766	0.399
5470.000	10.000	7.812	0.399
5480.000	10.000	7.812	0.397
5490.000	10.000	7.812	0.394
5500.000	10.000	15.625	0.394
5510.000	10.000	15.625	0.396
5520.000	10.000	15.625	0.394
5530.000	10.000	13.672	0.394
5540.000	10.000	13.672	0.395
5550.000	10.000	13.672	0.356
5560.000	10.000	-25.391	0.396
5570.000	10.000	-25.391	0.405
5580.000	10.000	-25.391	0.397
5590.000	10.000	11.719	0.396
5600.000	10.000	11.719	0.401
5610.000	10.000	11.719	0.394
5620.000	10.000	15.625	0.400
5630.000	10.000	15.625	0.391
5640.000	10.000	15.625	0.399
5650.000	10.000	3.906	0.400
5660.000	10.000	3.906	0.397
5670.000	10.000	3.906	0.399
5680.000	10.000	25.391	0.363
5690.000	10.000	25.391	0.393
5700.000	10.000	25.391	0.401
5710.000	10.000	9.766	0.395
5720.000	10.000	9.766	0.399
5730.000	10.000	9.766	0.397
5740.000	10.000	7.812	0.397
5750.000	10.000	7.812	0.400
5760.000	10.000	7.812	0.401
5770.000	10.000	11.719	0.401
5780.000	10.000	11.719	0.406
5790.000	10.000	11.719	0.396
5800.000	10.000	5.859	0.396
5810.000	10.000	5.859	0.401
5820.000	10.000	5.859	0.393
5830.000	10.000	3.906	0.393
5840.000	10.000	3.906	0.397
5850.000	10.000	3.906	0.400
5860.000	10.000	7.812	0.400
5870.000	10.000	7.812	0.397
5880.000	10.000	7.812	0.397
5890.000	10.000	3.906	0.397
5900.000	10.000	3.906	0.397
5910.000	10.000	3.906	0.401
5920.000	10.000	19.531	0.394
5930.000	10.000	19.531	0.386
5940.000	10.000	19.531	0.401
5950.000	10.000	-1.953	0.394
5960.000	10.000	-1.953	0.393
5970.000	10.000	-1.953	0.401
5980.000	10.000	-19.531	0.399
5990.000	10.000	-19.531	0.393
6000.000	10.000	-19.531	0.413
6010.000	10.000	37.109	0.402
6020.000	10.000	37.109	0.393
6030.000	10.000	37.109	0.401
6040.000	10.000	1.953	0.396
6050.000	10.000	1.953	0.003
6060.000	10.000	1.953	0.007
6070.000	10.000	9.766	0.003
6080.000	10.000	9.766	0.007
6090.000	10.000	9.766	0.003
6100.000	10.000	11.719	0.004
6110.000	10.000	11.719	0.007
6120.000	10.000	11.719	0.004
6130.000	10.000	0.000	0.007
6140.000	10.000	0.000	0.007
6150.000	10.000	0.000	0.003
6160.000	10.000	13.672	0.004
6170.000	10.000	13.672	0.006
6180.000	10.000	13.672	0.004
6190.000	10.000	17.578	0.003
6200.000	10.000	17.578	0.008
6210.000	10.000	17.578	0.004
6220.000	10.000	-21.484	0.008
6230.000	10.000	-21.484	0.007
6240.000	10.000	-21.484	0.002
6250.000	10.000	3.906	0.007
6260.000	10.000	3.906	0.006
6270.000	10.000	3.906	0.004
6280.000	10.000	11.719	0.006
6290.000	10.000	11.719	0.003
6300.000	10.000	11.719	0.004
6310.000	10.000	11.719	0.004
6320.000	10.000	11.719	0.003
6330.000	10.000	11.719	0.006
6340.000	10.000	3.906	0.006
6350.000	10.000	3.906	0.006
6360.000	10.000	3.906	0.008
6370.000	10.000	7.812	0.004
6380.000	10.000	7.812	0.006
6390.000	10.000	7.812	0.003
6400.000	10.000	9.766	0.003
6410.000	10.000	9.766	0.006
6420.000	10.000	9.766	0.003
6430.000	10.000	3.906	0.006
6440.000	10.000	3.906	0.006
6450.000	10.000	3.906	0.006
6460.000	10.000	5.859	0.002
6470.000	10.000	5.859	0.003
6480.000	10.000	5.859	0.003
6490.000	10.000	33.203	0.006
6500.000	10.000	33.203	0.004
6510.000	10.000	33.203	0.004
6520.000	10.000	3.906	0.004
6530.000	10.000	3.906	0.004
6540.000	10.000	3.906	0.003
6550.000	10.000	-33.203	0.008
6560.000	10.000	-33.203	0.007
6570.000	10.000	-33.203	0.004
6580.000	10.000	11.719	0.006
6590.000	10.000	11.719	0.004
6600.000	10.000	11.719	0.006
6610.000	10.000	0.000	0.004
6620.000	10.000	0.000	0.006
6630.000	10.000	0.000	0.007
6640.000	10.000	27.344	0.007
6650.000	10.000	27.344	0.006
6660.000	10.000	27.344	0.004
6670.000	10.000	7.812	0.002
6680.000	10.000	7.812	0.004
6690.000	10.000	7.812	0.004
6700.000	10.000	9.766	0.003
6710.000	10.000	9.766	0.007
6720.000	10.000	9.766	0.006
6730.000	10.000	13.672	0.004
6740.000	10.000	13.672	0.004
6750.000	10.000	13.672	0.006
6760.000	10.000	21.484	0.002
6770.000	10.000	21.484	0.003
6780.000	10.000	21.484	0.003
6790.000	10.000	1.953	0.004
6800.000	10.000	1.953	0.004
6810.000	10.000	1.953	0.004
6820.000	10.000	13.672	0.007
6830.000	10.000	13.672	0.007
6840.000	10.000	13.672	0.004
6850.000	10.000	11.719	0.007
6860.000	10.000	11.719	0.007
6870.000	10.000	11.719	0.007
6880.000	10.000	9.766	0.003
6890.000	10.000	9.766	0.006
6900.000	10.000	9.766	0.007
6910.000	10.000	1.953	0.006
6920.000	10.000	1.953	0.003
6930.000	10.000	1.953	0.006
6940.000	10.000	9.766	0.007
6950.000	10.000	9.766	0.006
6960.000	10.000	9.766	0.006
6970.000	10.000	3.906	0.006
6980.000	10.000	3.906	0.009
6990.000	10.000	3.906	0.004
7000.000	10.000	7.812	0.008
7010.000	10.000	7.812	0.002
7020.000	10.000	7.812	0.006
